# Blender v2.77 (sub 0) OBJ File: 'qt_logo.blend'
# www.blender.org
o qt_logo_qt_logo_mesh
v 0.500000 0.030000 -0.271909
v 0.500000 0.030000 -0.234087
v 0.500000 0.030000 0.229669
v 0.361282 0.030000 0.368353
v -0.369121 0.030000 0.368353
v -0.403885 0.030000 0.368353
v -0.500000 0.030000 0.368353
v -0.500000 0.030000 0.272263
v -0.500000 0.030000 0.234440
v -0.500000 0.030000 -0.229316
v -0.361282 0.030000 -0.368000
v 0.369121 0.030000 -0.368000
v 0.403886 0.030000 -0.368000
v 0.500000 0.030000 -0.368000
v -0.014123 0.030000 0.177038
v -0.008432 0.030000 0.172481
v -0.003036 0.030000 0.167611
v 0.002070 0.030000 0.162429
v 0.006887 0.030000 0.156934
v 0.011418 0.030000 0.151127
v 0.015664 0.030000 0.145008
v 0.019629 0.030000 0.138577
v 0.023315 0.030000 0.131833
v 0.026724 0.030000 0.124776
v 0.029858 0.030000 0.117408
v 0.032720 0.030000 0.109727
v 0.035255 0.030000 0.101769
v 0.037575 0.030000 0.093399
v 0.039680 0.030000 0.084618
v 0.041569 0.030000 0.075425
v 0.043240 0.030000 0.065820
v 0.044692 0.030000 0.055804
v 0.045923 0.030000 0.045375
v 0.046934 0.030000 0.034535
v 0.047722 0.030000 0.023284
v 0.048286 0.030000 0.011620
v 0.048626 0.030000 -0.000455
v 0.048739 0.030000 -0.012942
v 0.048469 0.030000 -0.031775
v 0.047658 0.030000 -0.049771
v 0.046305 0.030000 -0.066929
v 0.044409 0.030000 -0.083249
v 0.041969 0.030000 -0.098732
v 0.038983 0.030000 -0.113377
v 0.035450 0.030000 -0.127184
v 0.031369 0.030000 -0.140154
v 0.026739 0.030000 -0.152286
v 0.021559 0.030000 -0.163580
v 0.015828 0.030000 -0.174037
v 0.009543 0.030000 -0.183656
v 0.002656 0.030000 -0.192551
v -0.005054 0.030000 -0.200667
v -0.013585 0.030000 -0.208004
v -0.022937 0.030000 -0.214563
v -0.033107 0.030000 -0.220347
v -0.044095 0.030000 -0.225355
v -0.055900 0.030000 -0.229590
v -0.068520 0.030000 -0.233052
v -0.081954 0.030000 -0.235742
v -0.096201 0.030000 -0.237663
v -0.111260 0.030000 -0.238814
v -0.127130 0.030000 -0.239198
v -0.143000 0.030000 -0.238808
v -0.158061 0.030000 -0.237638
v -0.172312 0.030000 -0.235689
v -0.185753 0.030000 -0.232963
v -0.198385 0.030000 -0.229461
v -0.210208 0.030000 -0.225185
v -0.221221 0.030000 -0.220134
v -0.231425 0.030000 -0.214311
v -0.240819 0.030000 -0.207716
v -0.249404 0.030000 -0.200351
v -0.257179 0.030000 -0.192217
v -0.264144 0.030000 -0.183315
v -0.270435 0.030000 -0.173618
v -0.276186 0.030000 -0.163098
v -0.281394 0.030000 -0.151754
v -0.286059 0.030000 -0.139586
v -0.290179 0.030000 -0.126595
v -0.293754 0.030000 -0.112781
v -0.296782 0.030000 -0.098143
v -0.299263 0.030000 -0.082682
v -0.301194 0.030000 -0.066397
v -0.302575 0.030000 -0.049288
v -0.303404 0.030000 -0.031357
v -0.303681 0.030000 -0.012601
v -0.303411 0.030000 0.006061
v -0.302602 0.030000 0.023884
v -0.301253 0.030000 0.040864
v -0.299364 0.030000 0.056999
v -0.296935 0.030000 0.072288
v -0.293967 0.030000 0.086726
v -0.290460 0.030000 0.100313
v -0.286412 0.030000 0.113046
v -0.281825 0.030000 0.124922
v -0.276698 0.030000 0.135939
v -0.271032 0.030000 0.146095
v -0.264826 0.030000 0.155387
v -0.257932 0.030000 0.163877
v -0.250200 0.030000 0.171629
v -0.241634 0.030000 0.178643
v -0.232233 0.030000 0.184918
v -0.221998 0.030000 0.190455
v -0.210932 0.030000 0.195254
v -0.199035 0.030000 0.199315
v -0.186309 0.030000 0.202637
v -0.172754 0.030000 0.205221
v -0.158371 0.030000 0.207067
v -0.143163 0.030000 0.208174
v -0.127130 0.030000 0.208543
v -0.122805 0.030000 0.208515
v -0.118691 0.030000 0.208431
v -0.114786 0.030000 0.208293
v -0.111086 0.030000 0.208101
v -0.107590 0.030000 0.207858
v -0.104294 0.030000 0.207563
v -0.101198 0.030000 0.207219
v -0.098298 0.030000 0.206827
v -0.095593 0.030000 0.206387
v -0.093079 0.030000 0.205901
v -0.090754 0.030000 0.205370
v -0.088616 0.030000 0.204795
v -0.032379 0.030000 0.297137
v 0.032720 0.030000 0.266811
v 0.027981 0.030000 0.259139
v 0.022692 0.030000 0.250576
v 0.017036 0.030000 0.241420
v 0.011197 0.030000 0.231966
v 0.005358 0.030000 0.222513
v -0.000298 0.030000 0.213356
v -0.005587 0.030000 0.204794
v -0.010326 0.030000 0.197122
v -0.014331 0.030000 0.190638
v -0.017419 0.030000 0.185639
v -0.019406 0.030000 0.182422
v -0.020109 0.030000 0.181283
v 0.291411 0.030000 0.137327
v 0.286764 0.030000 0.137511
v 0.281577 0.030000 0.137715
v 0.276031 0.030000 0.137934
v 0.270305 0.030000 0.138160
v 0.264578 0.030000 0.138386
v 0.259032 0.030000 0.138605
v 0.253845 0.030000 0.138810
v 0.249198 0.030000 0.138993
v 0.245271 0.030000 0.139148
v 0.242243 0.030000 0.139267
v 0.240294 0.030000 0.139344
v 0.239605 0.030000 0.139372
v 0.235884 0.030000 0.139286
v 0.232394 0.030000 0.139029
v 0.229135 0.030000 0.138600
v 0.226110 0.030000 0.137996
v 0.223322 0.030000 0.137217
v 0.220774 0.030000 0.136262
v 0.218466 0.030000 0.135130
v 0.216403 0.030000 0.133819
v 0.214585 0.030000 0.132328
v 0.213017 0.030000 0.130656
v 0.211699 0.030000 0.128802
v 0.210634 0.030000 0.126764
v 0.209732 0.030000 0.124535
v 0.208903 0.030000 0.121937
v 0.208147 0.030000 0.118969
v 0.207465 0.030000 0.115633
v 0.206860 0.030000 0.111927
v 0.206331 0.030000 0.107853
v 0.205880 0.030000 0.103409
v 0.205509 0.030000 0.098596
v 0.205218 0.030000 0.093413
v 0.205009 0.030000 0.087862
v 0.204882 0.030000 0.081942
v 0.204840 0.030000 0.075652
v 0.204840 0.030000 -0.063713
v 0.292093 0.030000 -0.063713
v 0.292093 0.030000 -0.122662
v 0.204840 0.030000 -0.122662
v 0.204840 0.030000 -0.214664
v 0.136333 0.030000 -0.214664
v 0.136333 0.030000 -0.122662
v 0.087935 0.030000 -0.122662
v 0.087935 0.030000 -0.064054
v 0.136333 0.030000 -0.064054
v 0.136333 0.030000 -0.050850
v 0.136333 0.030000 -0.036113
v 0.136333 0.030000 -0.020353
v 0.136333 0.030000 -0.004083
v 0.136333 0.030000 0.012188
v 0.136333 0.030000 0.027947
v 0.136333 0.030000 0.042685
v 0.136333 0.030000 0.055889
v 0.136333 0.030000 0.067048
v 0.136333 0.030000 0.075652
v 0.136333 0.030000 0.081189
v 0.136333 0.030000 0.083148
v 0.136475 0.030000 0.094258
v 0.136899 0.030000 0.104757
v 0.137605 0.030000 0.114646
v 0.138592 0.030000 0.123924
v 0.139858 0.030000 0.132592
v 0.141403 0.030000 0.140649
v 0.143224 0.030000 0.148096
v 0.145321 0.030000 0.154932
v 0.147692 0.030000 0.161158
v 0.150337 0.030000 0.166773
v 0.153254 0.030000 0.171778
v 0.156442 0.030000 0.176172
v 0.159999 0.030000 0.180091
v 0.164025 0.030000 0.183669
v 0.168520 0.030000 0.186906
v 0.173483 0.030000 0.189802
v 0.178915 0.030000 0.192358
v 0.184816 0.030000 0.194573
v 0.191185 0.030000 0.196447
v 0.198023 0.030000 0.197980
v 0.205330 0.030000 0.199173
v 0.213105 0.030000 0.200024
v 0.221349 0.030000 0.200536
v 0.230061 0.030000 0.200706
v 0.233945 0.030000 0.200649
v 0.238099 0.030000 0.200479
v 0.242523 0.030000 0.200195
v 0.247217 0.030000 0.199797
v 0.252180 0.030000 0.199286
v 0.257413 0.030000 0.198662
v 0.262916 0.030000 0.197923
v 0.268689 0.030000 0.197071
v 0.274732 0.030000 0.196106
v 0.281044 0.030000 0.195027
v 0.287626 0.030000 0.193834
v 0.294479 0.030000 0.192528
v -0.042504 0.030000 -0.131451
v -0.039308 0.030000 -0.123910
v -0.036421 0.030000 -0.115714
v -0.033843 0.030000 -0.106862
v -0.031573 0.030000 -0.097352
v -0.029610 0.030000 -0.087182
v -0.027952 0.030000 -0.076353
v -0.026597 0.030000 -0.064862
v -0.025546 0.030000 -0.052708
v -0.024797 0.030000 -0.039891
v -0.024348 0.030000 -0.026409
v -0.024199 0.030000 -0.012261
v -0.024348 0.030000 0.001795
v -0.024794 0.030000 0.015166
v -0.025536 0.030000 0.027852
v -0.026572 0.030000 0.039848
v -0.027902 0.030000 0.051154
v -0.029525 0.030000 0.061767
v -0.031438 0.030000 0.071683
v -0.033641 0.030000 0.080902
v -0.036133 0.030000 0.089420
v -0.038913 0.030000 0.097236
v -0.041979 0.030000 0.104346
v -0.045331 0.030000 0.110749
v -0.049179 0.030000 0.116548
v -0.053569 0.030000 0.121850
v -0.058501 0.030000 0.126652
v -0.063975 0.030000 0.130954
v -0.069995 0.030000 0.134754
v -0.076559 0.030000 0.138051
v -0.083671 0.030000 0.140844
v -0.091330 0.030000 0.143132
v -0.099539 0.030000 0.144914
v -0.108298 0.030000 0.146188
v -0.117608 0.030000 0.146953
v -0.127471 0.030000 0.147209
v -0.137341 0.030000 0.146947
v -0.146670 0.030000 0.146161
v -0.155456 0.030000 0.144855
v -0.163700 0.030000 0.143031
v -0.171399 0.030000 0.140692
v -0.178553 0.030000 0.137838
v -0.185160 0.030000 0.134474
v -0.191219 0.030000 0.130601
v -0.196729 0.030000 0.126221
v -0.201689 0.030000 0.121337
v -0.206097 0.030000 0.115952
v -0.209952 0.030000 0.110067
v -0.213382 0.030000 0.103587
v -0.216513 0.030000 0.096412
v -0.219346 0.030000 0.088547
v -0.221881 0.030000 0.079993
v -0.224118 0.030000 0.070753
v -0.226057 0.030000 0.060830
v -0.227697 0.030000 0.050224
v -0.229039 0.030000 0.038940
v -0.230083 0.030000 0.026978
v -0.230828 0.030000 0.014343
v -0.231276 0.030000 0.001035
v -0.231425 0.030000 -0.012942
v -0.231269 0.030000 -0.027005
v -0.230801 0.030000 -0.040404
v -0.230024 0.030000 -0.053140
v -0.228938 0.030000 -0.065215
v -0.227544 0.030000 -0.076633
v -0.225844 0.030000 -0.087395
v -0.223838 0.030000 -0.097504
v -0.221528 0.030000 -0.106963
v -0.218915 0.030000 -0.115773
v -0.216000 0.030000 -0.123937
v -0.212785 0.030000 -0.131458
v -0.209271 0.030000 -0.138337
v -0.205266 0.030000 -0.144620
v -0.200750 0.030000 -0.150350
v -0.195723 0.030000 -0.155529
v -0.190184 0.030000 -0.160157
v -0.184134 0.030000 -0.164237
v -0.177573 0.030000 -0.167769
v -0.170501 0.030000 -0.170754
v -0.162917 0.030000 -0.173194
v -0.154823 0.030000 -0.175090
v -0.146217 0.030000 -0.176442
v -0.137100 0.030000 -0.177253
v -0.127471 0.030000 -0.177523
v -0.117843 0.030000 -0.177253
v -0.108727 0.030000 -0.176442
v -0.100125 0.030000 -0.175090
v -0.092037 0.030000 -0.173194
v -0.084466 0.030000 -0.170754
v -0.077411 0.030000 -0.167769
v -0.070875 0.030000 -0.164237
v -0.064859 0.030000 -0.160157
v -0.059363 0.030000 -0.155529
v -0.054389 0.030000 -0.150350
v -0.049939 0.030000 -0.144620
v -0.046012 0.030000 -0.138337
v 0.500000 -0.030000 -0.271909
v 0.500000 -0.030000 -0.234087
v 0.500000 -0.030000 0.229669
v 0.361282 -0.030000 0.368353
v -0.369121 -0.030000 0.368353
v -0.403885 -0.030000 0.368353
v -0.500000 -0.030000 0.368353
v -0.500000 -0.030000 0.272263
v -0.500000 -0.030000 0.234440
v -0.500000 -0.030000 -0.229316
v -0.361282 -0.030000 -0.368000
v 0.369121 -0.030000 -0.368000
v 0.403886 -0.030000 -0.368000
v 0.500000 -0.030000 -0.368000
v -0.014123 -0.030000 0.177038
v -0.008432 -0.030000 0.172481
v -0.003036 -0.030000 0.167611
v 0.002070 -0.030000 0.162429
v 0.006887 -0.030000 0.156934
v 0.011418 -0.030000 0.151127
v 0.015664 -0.030000 0.145008
v 0.019629 -0.030000 0.138577
v 0.023315 -0.030000 0.131833
v 0.026724 -0.030000 0.124776
v 0.029858 -0.030000 0.117408
v 0.032720 -0.030000 0.109727
v 0.035255 -0.030000 0.101769
v 0.037575 -0.030000 0.093399
v 0.039680 -0.030000 0.084618
v 0.041569 -0.030000 0.075425
v 0.043240 -0.030000 0.065820
v 0.044692 -0.030000 0.055804
v 0.045923 -0.030000 0.045375
v 0.046934 -0.030000 0.034535
v 0.047722 -0.030000 0.023284
v 0.048286 -0.030000 0.011620
v 0.048626 -0.030000 -0.000455
v 0.048739 -0.030000 -0.012942
v 0.048469 -0.030000 -0.031775
v 0.047658 -0.030000 -0.049771
v 0.046305 -0.030000 -0.066929
v 0.044409 -0.030000 -0.083249
v 0.041969 -0.030000 -0.098732
v 0.038983 -0.030000 -0.113377
v 0.035450 -0.030000 -0.127184
v 0.031369 -0.030000 -0.140154
v 0.026739 -0.030000 -0.152286
v 0.021559 -0.030000 -0.163580
v 0.015828 -0.030000 -0.174037
v 0.009543 -0.030000 -0.183656
v 0.002656 -0.030000 -0.192551
v -0.005054 -0.030000 -0.200667
v -0.013585 -0.030000 -0.208004
v -0.022937 -0.030000 -0.214563
v -0.033107 -0.030000 -0.220347
v -0.044095 -0.030000 -0.225355
v -0.055900 -0.030000 -0.229590
v -0.068520 -0.030000 -0.233052
v -0.081954 -0.030000 -0.235742
v -0.096201 -0.030000 -0.237663
v -0.111260 -0.030000 -0.238814
v -0.127130 -0.030000 -0.239198
v -0.143000 -0.030000 -0.238808
v -0.158061 -0.030000 -0.237638
v -0.172312 -0.030000 -0.235689
v -0.185753 -0.030000 -0.232963
v -0.198385 -0.030000 -0.229461
v -0.210208 -0.030000 -0.225185
v -0.221221 -0.030000 -0.220134
v -0.231425 -0.030000 -0.214311
v -0.240819 -0.030000 -0.207716
v -0.249404 -0.030000 -0.200351
v -0.257179 -0.030000 -0.192217
v -0.264144 -0.030000 -0.183315
v -0.270435 -0.030000 -0.173618
v -0.276186 -0.030000 -0.163098
v -0.281394 -0.030000 -0.151754
v -0.286059 -0.030000 -0.139586
v -0.290179 -0.030000 -0.126595
v -0.293754 -0.030000 -0.112781
v -0.296782 -0.030000 -0.098143
v -0.299263 -0.030000 -0.082682
v -0.301194 -0.030000 -0.066397
v -0.302575 -0.030000 -0.049288
v -0.303404 -0.030000 -0.031357
v -0.303681 -0.030000 -0.012601
v -0.303411 -0.030000 0.006061
v -0.302602 -0.030000 0.023884
v -0.301253 -0.030000 0.040864
v -0.299364 -0.030000 0.056999
v -0.296935 -0.030000 0.072288
v -0.293967 -0.030000 0.086726
v -0.290460 -0.030000 0.100313
v -0.286412 -0.030000 0.113046
v -0.281825 -0.030000 0.124922
v -0.276698 -0.030000 0.135939
v -0.271032 -0.030000 0.146095
v -0.264826 -0.030000 0.155387
v -0.257932 -0.030000 0.163877
v -0.250200 -0.030000 0.171629
v -0.241634 -0.030000 0.178643
v -0.232233 -0.030000 0.184918
v -0.221998 -0.030000 0.190455
v -0.210932 -0.030000 0.195254
v -0.199035 -0.030000 0.199315
v -0.186309 -0.030000 0.202637
v -0.172754 -0.030000 0.205221
v -0.158371 -0.030000 0.207067
v -0.143163 -0.030000 0.208174
v -0.127130 -0.030000 0.208543
v -0.122805 -0.030000 0.208515
v -0.118691 -0.030000 0.208431
v -0.114786 -0.030000 0.208293
v -0.111086 -0.030000 0.208101
v -0.107590 -0.030000 0.207858
v -0.104294 -0.030000 0.207563
v -0.101198 -0.030000 0.207219
v -0.098298 -0.030000 0.206827
v -0.095593 -0.030000 0.206387
v -0.093079 -0.030000 0.205901
v -0.090754 -0.030000 0.205370
v -0.088616 -0.030000 0.204795
v -0.032379 -0.030000 0.297137
v 0.032720 -0.030000 0.266811
v 0.027981 -0.030000 0.259139
v 0.022692 -0.030000 0.250576
v 0.017036 -0.030000 0.241420
v 0.011197 -0.030000 0.231966
v 0.005358 -0.030000 0.222513
v -0.000298 -0.030000 0.213356
v -0.005587 -0.030000 0.204794
v -0.010326 -0.030000 0.197122
v -0.014331 -0.030000 0.190638
v -0.017419 -0.030000 0.185639
v -0.019406 -0.030000 0.182422
v -0.020109 -0.030000 0.181283
v 0.291411 -0.030000 0.137327
v 0.286764 -0.030000 0.137511
v 0.281577 -0.030000 0.137715
v 0.276031 -0.030000 0.137934
v 0.270305 -0.030000 0.138160
v 0.264578 -0.030000 0.138386
v 0.259032 -0.030000 0.138605
v 0.253845 -0.030000 0.138810
v 0.249198 -0.030000 0.138993
v 0.245271 -0.030000 0.139148
v 0.242243 -0.030000 0.139267
v 0.240294 -0.030000 0.139344
v 0.239605 -0.030000 0.139372
v 0.235884 -0.030000 0.139286
v 0.232394 -0.030000 0.139029
v 0.229135 -0.030000 0.138600
v 0.226110 -0.030000 0.137996
v 0.223322 -0.030000 0.137217
v 0.220774 -0.030000 0.136262
v 0.218466 -0.030000 0.135130
v 0.216403 -0.030000 0.133819
v 0.214585 -0.030000 0.132328
v 0.213017 -0.030000 0.130656
v 0.211699 -0.030000 0.128802
v 0.210634 -0.030000 0.126764
v 0.209732 -0.030000 0.124535
v 0.208903 -0.030000 0.121937
v 0.208147 -0.030000 0.118969
v 0.207465 -0.030000 0.115633
v 0.206860 -0.030000 0.111927
v 0.206331 -0.030000 0.107853
v 0.205880 -0.030000 0.103409
v 0.205509 -0.030000 0.098596
v 0.205218 -0.030000 0.093413
v 0.205009 -0.030000 0.087862
v 0.204882 -0.030000 0.081942
v 0.204840 -0.030000 0.075652
v 0.204840 -0.030000 -0.063713
v 0.292093 -0.030000 -0.063713
v 0.292093 -0.030000 -0.122662
v 0.204840 -0.030000 -0.122662
v 0.204840 -0.030000 -0.214664
v 0.136333 -0.030000 -0.214664
v 0.136333 -0.030000 -0.122662
v 0.087935 -0.030000 -0.122662
v 0.087935 -0.030000 -0.064054
v 0.136333 -0.030000 -0.064054
v 0.136333 -0.030000 -0.050850
v 0.136333 -0.030000 -0.036113
v 0.136333 -0.030000 -0.020353
v 0.136333 -0.030000 -0.004083
v 0.136333 -0.030000 0.012188
v 0.136333 -0.030000 0.027947
v 0.136333 -0.030000 0.042685
v 0.136333 -0.030000 0.055889
v 0.136333 -0.030000 0.067048
v 0.136333 -0.030000 0.075652
v 0.136333 -0.030000 0.081189
v 0.136333 -0.030000 0.083148
v 0.136475 -0.030000 0.094258
v 0.136899 -0.030000 0.104757
v 0.137605 -0.030000 0.114646
v 0.138592 -0.030000 0.123924
v 0.139858 -0.030000 0.132592
v 0.141403 -0.030000 0.140649
v 0.143224 -0.030000 0.148096
v 0.145321 -0.030000 0.154932
v 0.147692 -0.030000 0.161158
v 0.150337 -0.030000 0.166773
v 0.153254 -0.030000 0.171778
v 0.156442 -0.030000 0.176172
v 0.159999 -0.030000 0.180091
v 0.164025 -0.030000 0.183669
v 0.168520 -0.030000 0.186906
v 0.173483 -0.030000 0.189802
v 0.178915 -0.030000 0.192358
v 0.184816 -0.030000 0.194573
v 0.191185 -0.030000 0.196447
v 0.198023 -0.030000 0.197980
v 0.205330 -0.030000 0.199173
v 0.213105 -0.030000 0.200024
v 0.221349 -0.030000 0.200536
v 0.230061 -0.030000 0.200706
v 0.233945 -0.030000 0.200649
v 0.238099 -0.030000 0.200479
v 0.242523 -0.030000 0.200195
v 0.247217 -0.030000 0.199797
v 0.252180 -0.030000 0.199286
v 0.257413 -0.030000 0.198662
v 0.262916 -0.030000 0.197923
v 0.268689 -0.030000 0.197071
v 0.274732 -0.030000 0.196106
v 0.281044 -0.030000 0.195027
v 0.287626 -0.030000 0.193834
v 0.294479 -0.030000 0.192528
v -0.042504 -0.030000 -0.131451
v -0.039308 -0.030000 -0.123910
v -0.036421 -0.030000 -0.115714
v -0.033843 -0.030000 -0.106862
v -0.031573 -0.030000 -0.097352
v -0.029610 -0.030000 -0.087182
v -0.027952 -0.030000 -0.076353
v -0.026597 -0.030000 -0.064862
v -0.025546 -0.030000 -0.052708
v -0.024797 -0.030000 -0.039891
v -0.024348 -0.030000 -0.026409
v -0.024199 -0.030000 -0.012261
v -0.024348 -0.030000 0.001795
v -0.024794 -0.030000 0.015166
v -0.025536 -0.030000 0.027852
v -0.026572 -0.030000 0.039848
v -0.027902 -0.030000 0.051154
v -0.029525 -0.030000 0.061767
v -0.031438 -0.030000 0.071683
v -0.033641 -0.030000 0.080902
v -0.036133 -0.030000 0.089420
v -0.038913 -0.030000 0.097236
v -0.041979 -0.030000 0.104346
v -0.045331 -0.030000 0.110749
v -0.049179 -0.030000 0.116548
v -0.053569 -0.030000 0.121850
v -0.058501 -0.030000 0.126652
v -0.063975 -0.030000 0.130954
v -0.069995 -0.030000 0.134754
v -0.076559 -0.030000 0.138051
v -0.083671 -0.030000 0.140844
v -0.091330 -0.030000 0.143132
v -0.099539 -0.030000 0.144914
v -0.108298 -0.030000 0.146188
v -0.117608 -0.030000 0.146953
v -0.127471 -0.030000 0.147209
v -0.137341 -0.030000 0.146947
v -0.146670 -0.030000 0.146161
v -0.155456 -0.030000 0.144855
v -0.163700 -0.030000 0.143031
v -0.171399 -0.030000 0.140692
v -0.178553 -0.030000 0.137838
v -0.185160 -0.030000 0.134474
v -0.191219 -0.030000 0.130601
v -0.196729 -0.030000 0.126221
v -0.201689 -0.030000 0.121337
v -0.206097 -0.030000 0.115952
v -0.209952 -0.030000 0.110067
v -0.213382 -0.030000 0.103587
v -0.216513 -0.030000 0.096412
v -0.219346 -0.030000 0.088547
v -0.221881 -0.030000 0.079993
v -0.224118 -0.030000 0.070753
v -0.226057 -0.030000 0.060830
v -0.227697 -0.030000 0.050224
v -0.229039 -0.030000 0.038940
v -0.230083 -0.030000 0.026978
v -0.230828 -0.030000 0.014343
v -0.231276 -0.030000 0.001035
v -0.231425 -0.030000 -0.012942
v -0.231269 -0.030000 -0.027005
v -0.230801 -0.030000 -0.040404
v -0.230024 -0.030000 -0.053140
v -0.228938 -0.030000 -0.065215
v -0.227544 -0.030000 -0.076633
v -0.225844 -0.030000 -0.087395
v -0.223838 -0.030000 -0.097504
v -0.221528 -0.030000 -0.106963
v -0.218915 -0.030000 -0.115773
v -0.216000 -0.030000 -0.123937
v -0.212785 -0.030000 -0.131458
v -0.209271 -0.030000 -0.138337
v -0.205266 -0.030000 -0.144620
v -0.200750 -0.030000 -0.150350
v -0.195723 -0.030000 -0.155529
v -0.190184 -0.030000 -0.160157
v -0.184134 -0.030000 -0.164237
v -0.177573 -0.030000 -0.167769
v -0.170501 -0.030000 -0.170754
v -0.162917 -0.030000 -0.173194
v -0.154823 -0.030000 -0.175090
v -0.146217 -0.030000 -0.176442
v -0.137100 -0.030000 -0.177253
v -0.127471 -0.030000 -0.177523
v -0.117843 -0.030000 -0.177253
v -0.108727 -0.030000 -0.176442
v -0.100125 -0.030000 -0.175090
v -0.092037 -0.030000 -0.173194
v -0.084466 -0.030000 -0.170754
v -0.077411 -0.030000 -0.167769
v -0.070875 -0.030000 -0.164237
v -0.064859 -0.030000 -0.160157
v -0.059363 -0.030000 -0.155529
v -0.054389 -0.030000 -0.150350
v -0.049939 -0.030000 -0.144620
v -0.046012 -0.030000 -0.138337
v 0.500000 -0.030000 -0.271909
v 0.500000 0.030000 -0.271909
v 0.500000 -0.030000 -0.234087
v 0.500000 0.030000 -0.234087
v 0.500000 -0.030000 0.229669
v 0.500000 0.030000 0.229669
v 0.361282 -0.030000 0.368353
v 0.361282 0.030000 0.368353
v -0.369121 -0.030000 0.368353
v -0.369121 0.030000 0.368353
v -0.403885 -0.030000 0.368353
v -0.403885 0.030000 0.368353
v -0.500000 -0.030000 0.368353
v -0.500000 0.030000 0.368353
v -0.500000 -0.030000 0.272263
v -0.500000 0.030000 0.272263
v -0.500000 -0.030000 0.234440
v -0.500000 0.030000 0.234440
v -0.500000 -0.030000 -0.229316
v -0.500000 0.030000 -0.229316
v -0.361282 -0.030000 -0.368000
v -0.361282 0.030000 -0.368000
v 0.369121 -0.030000 -0.368000
v 0.369121 0.030000 -0.368000
v 0.403886 -0.030000 -0.368000
v 0.403886 0.030000 -0.368000
v 0.500000 -0.030000 -0.368000
v 0.500000 0.030000 -0.368000
v -0.014123 -0.030000 0.177038
v -0.014123 0.030000 0.177038
v -0.008432 -0.030000 0.172481
v -0.008432 0.030000 0.172481
v -0.003036 -0.030000 0.167611
v -0.003036 0.030000 0.167611
v 0.002070 -0.030000 0.162429
v 0.002070 0.030000 0.162429
v 0.006887 -0.030000 0.156934
v 0.006887 0.030000 0.156934
v 0.011418 -0.030000 0.151127
v 0.011418 0.030000 0.151127
v 0.015664 -0.030000 0.145008
v 0.015664 0.030000 0.145008
v 0.019629 -0.030000 0.138577
v 0.019629 0.030000 0.138577
v 0.023315 -0.030000 0.131833
v 0.023315 0.030000 0.131833
v 0.026724 -0.030000 0.124776
v 0.026724 0.030000 0.124776
v 0.029858 -0.030000 0.117408
v 0.029858 0.030000 0.117408
v 0.032720 -0.030000 0.109727
v 0.032720 0.030000 0.109727
v 0.035255 -0.030000 0.101769
v 0.035255 0.030000 0.101769
v 0.037575 -0.030000 0.093399
v 0.037575 0.030000 0.093399
v 0.039680 -0.030000 0.084618
v 0.039680 0.030000 0.084618
v 0.041569 -0.030000 0.075425
v 0.041569 0.030000 0.075425
v 0.043240 -0.030000 0.065820
v 0.043240 0.030000 0.065820
v 0.044692 -0.030000 0.055804
v 0.044692 0.030000 0.055804
v 0.045923 -0.030000 0.045375
v 0.045923 0.030000 0.045375
v 0.046934 -0.030000 0.034535
v 0.046934 0.030000 0.034535
v 0.047722 -0.030000 0.023284
v 0.047722 0.030000 0.023284
v 0.048286 -0.030000 0.011620
v 0.048286 0.030000 0.011620
v 0.048626 -0.030000 -0.000455
v 0.048626 0.030000 -0.000455
v 0.048739 -0.030000 -0.012942
v 0.048739 0.030000 -0.012942
v 0.048469 -0.030000 -0.031775
v 0.048469 0.030000 -0.031775
v 0.047658 -0.030000 -0.049771
v 0.047658 0.030000 -0.049771
v 0.046305 -0.030000 -0.066929
v 0.046305 0.030000 -0.066929
v 0.044409 -0.030000 -0.083249
v 0.044409 0.030000 -0.083249
v 0.041969 -0.030000 -0.098732
v 0.041969 0.030000 -0.098732
v 0.038983 -0.030000 -0.113377
v 0.038983 0.030000 -0.113377
v 0.035450 -0.030000 -0.127184
v 0.035450 0.030000 -0.127184
v 0.031369 -0.030000 -0.140154
v 0.031369 0.030000 -0.140154
v 0.026739 -0.030000 -0.152286
v 0.026739 0.030000 -0.152286
v 0.021559 -0.030000 -0.163580
v 0.021559 0.030000 -0.163580
v 0.015828 -0.030000 -0.174037
v 0.015828 0.030000 -0.174037
v 0.009543 -0.030000 -0.183656
v 0.009543 0.030000 -0.183656
v 0.002656 -0.030000 -0.192551
v 0.002656 0.030000 -0.192551
v -0.005054 -0.030000 -0.200667
v -0.005054 0.030000 -0.200667
v -0.013585 -0.030000 -0.208004
v -0.013585 0.030000 -0.208004
v -0.022937 -0.030000 -0.214563
v -0.022937 0.030000 -0.214563
v -0.033107 -0.030000 -0.220347
v -0.033107 0.030000 -0.220347
v -0.044095 -0.030000 -0.225355
v -0.044095 0.030000 -0.225355
v -0.055900 -0.030000 -0.229590
v -0.055900 0.030000 -0.229590
v -0.068520 -0.030000 -0.233052
v -0.068520 0.030000 -0.233052
v -0.081954 -0.030000 -0.235742
v -0.081954 0.030000 -0.235742
v -0.096201 -0.030000 -0.237663
v -0.096201 0.030000 -0.237663
v -0.111260 -0.030000 -0.238814
v -0.111260 0.030000 -0.238814
v -0.127130 -0.030000 -0.239198
v -0.127130 0.030000 -0.239198
v -0.143000 -0.030000 -0.238808
v -0.143000 0.030000 -0.238808
v -0.158061 -0.030000 -0.237638
v -0.158061 0.030000 -0.237638
v -0.172312 -0.030000 -0.235689
v -0.172312 0.030000 -0.235689
v -0.185753 -0.030000 -0.232963
v -0.185753 0.030000 -0.232963
v -0.198385 -0.030000 -0.229461
v -0.198385 0.030000 -0.229461
v -0.210208 -0.030000 -0.225185
v -0.210208 0.030000 -0.225185
v -0.221221 -0.030000 -0.220134
v -0.221221 0.030000 -0.220134
v -0.231425 -0.030000 -0.214311
v -0.231425 0.030000 -0.214311
v -0.240819 -0.030000 -0.207716
v -0.240819 0.030000 -0.207716
v -0.249404 -0.030000 -0.200351
v -0.249404 0.030000 -0.200351
v -0.257179 -0.030000 -0.192217
v -0.257179 0.030000 -0.192217
v -0.264144 -0.030000 -0.183315
v -0.264144 0.030000 -0.183315
v -0.270435 -0.030000 -0.173618
v -0.270435 0.030000 -0.173618
v -0.276186 -0.030000 -0.163098
v -0.276186 0.030000 -0.163098
v -0.281394 -0.030000 -0.151754
v -0.281394 0.030000 -0.151754
v -0.286059 -0.030000 -0.139586
v -0.286059 0.030000 -0.139586
v -0.290179 -0.030000 -0.126595
v -0.290179 0.030000 -0.126595
v -0.293754 -0.030000 -0.112781
v -0.293754 0.030000 -0.112781
v -0.296782 -0.030000 -0.098143
v -0.296782 0.030000 -0.098143
v -0.299263 -0.030000 -0.082682
v -0.299263 0.030000 -0.082682
v -0.301194 -0.030000 -0.066397
v -0.301194 0.030000 -0.066397
v -0.302575 -0.030000 -0.049288
v -0.302575 0.030000 -0.049288
v -0.303404 -0.030000 -0.031357
v -0.303404 0.030000 -0.031357
v -0.303681 -0.030000 -0.012601
v -0.303681 0.030000 -0.012601
v -0.303411 -0.030000 0.006061
v -0.303411 0.030000 0.006061
v -0.302602 -0.030000 0.023884
v -0.302602 0.030000 0.023884
v -0.301253 -0.030000 0.040864
v -0.301253 0.030000 0.040864
v -0.299364 -0.030000 0.056999
v -0.299364 0.030000 0.056999
v -0.296935 -0.030000 0.072288
v -0.296935 0.030000 0.072288
v -0.293967 -0.030000 0.086726
v -0.293967 0.030000 0.086726
v -0.290460 -0.030000 0.100313
v -0.290460 0.030000 0.100313
v -0.286412 -0.030000 0.113046
v -0.286412 0.030000 0.113046
v -0.281825 -0.030000 0.124922
v -0.281825 0.030000 0.124922
v -0.276698 -0.030000 0.135939
v -0.276698 0.030000 0.135939
v -0.271032 -0.030000 0.146095
v -0.271032 0.030000 0.146095
v -0.264826 -0.030000 0.155387
v -0.264826 0.030000 0.155387
v -0.257932 -0.030000 0.163877
v -0.257932 0.030000 0.163877
v -0.250200 -0.030000 0.171629
v -0.250200 0.030000 0.171629
v -0.241634 -0.030000 0.178643
v -0.241634 0.030000 0.178643
v -0.232233 -0.030000 0.184918
v -0.232233 0.030000 0.184918
v -0.221998 -0.030000 0.190455
v -0.221998 0.030000 0.190455
v -0.210932 -0.030000 0.195254
v -0.210932 0.030000 0.195254
v -0.199035 -0.030000 0.199315
v -0.199035 0.030000 0.199315
v -0.186309 -0.030000 0.202637
v -0.186309 0.030000 0.202637
v -0.172754 -0.030000 0.205221
v -0.172754 0.030000 0.205221
v -0.158371 -0.030000 0.207067
v -0.158371 0.030000 0.207067
v -0.143163 -0.030000 0.208174
v -0.143163 0.030000 0.208174
v -0.127130 -0.030000 0.208543
v -0.127130 0.030000 0.208543
v -0.122805 -0.030000 0.208515
v -0.122805 0.030000 0.208515
v -0.118691 -0.030000 0.208431
v -0.118691 0.030000 0.208431
v -0.114786 -0.030000 0.208293
v -0.114786 0.030000 0.208293
v -0.111086 -0.030000 0.208101
v -0.111086 0.030000 0.208101
v -0.107590 -0.030000 0.207858
v -0.107590 0.030000 0.207858
v -0.104294 -0.030000 0.207563
v -0.104294 0.030000 0.207563
v -0.101198 -0.030000 0.207219
v -0.101198 0.030000 0.207219
v -0.098298 -0.030000 0.206827
v -0.098298 0.030000 0.206827
v -0.095593 -0.030000 0.206387
v -0.095593 0.030000 0.206387
v -0.093079 -0.030000 0.205901
v -0.093079 0.030000 0.205901
v -0.090754 -0.030000 0.205370
v -0.090754 0.030000 0.205370
v -0.088616 -0.030000 0.204795
v -0.088616 0.030000 0.204795
v -0.032379 -0.030000 0.297137
v -0.032379 0.030000 0.297137
v 0.032720 -0.030000 0.266811
v 0.032720 0.030000 0.266811
v 0.027981 -0.030000 0.259139
v 0.027981 0.030000 0.259139
v 0.022692 -0.030000 0.250576
v 0.022692 0.030000 0.250576
v 0.017036 -0.030000 0.241420
v 0.017036 0.030000 0.241420
v 0.011197 -0.030000 0.231966
v 0.011197 0.030000 0.231966
v 0.005358 -0.030000 0.222513
v 0.005358 0.030000 0.222513
v -0.000298 -0.030000 0.213356
v -0.000298 0.030000 0.213356
v -0.005587 -0.030000 0.204794
v -0.005587 0.030000 0.204794
v -0.010326 -0.030000 0.197122
v -0.010326 0.030000 0.197122
v -0.014331 -0.030000 0.190638
v -0.014331 0.030000 0.190638
v -0.017419 -0.030000 0.185639
v -0.017419 0.030000 0.185639
v -0.019406 -0.030000 0.182422
v -0.019406 0.030000 0.182422
v -0.020109 -0.030000 0.181283
v -0.020109 0.030000 0.181283
v 0.291411 -0.030000 0.137327
v 0.291411 0.030000 0.137327
v 0.286764 -0.030000 0.137511
v 0.286764 0.030000 0.137511
v 0.281577 -0.030000 0.137715
v 0.281577 0.030000 0.137715
v 0.276031 -0.030000 0.137934
v 0.276031 0.030000 0.137934
v 0.270305 -0.030000 0.138160
v 0.270305 0.030000 0.138160
v 0.264578 -0.030000 0.138386
v 0.264578 0.030000 0.138386
v 0.259032 -0.030000 0.138605
v 0.259032 0.030000 0.138605
v 0.253845 -0.030000 0.138810
v 0.253845 0.030000 0.138810
v 0.249198 -0.030000 0.138993
v 0.249198 0.030000 0.138993
v 0.245271 -0.030000 0.139148
v 0.245271 0.030000 0.139148
v 0.242243 -0.030000 0.139267
v 0.242243 0.030000 0.139267
v 0.240294 -0.030000 0.139344
v 0.240294 0.030000 0.139344
v 0.239605 -0.030000 0.139372
v 0.239605 0.030000 0.139372
v 0.235884 -0.030000 0.139286
v 0.235884 0.030000 0.139286
v 0.232394 -0.030000 0.139029
v 0.232394 0.030000 0.139029
v 0.229135 -0.030000 0.138600
v 0.229135 0.030000 0.138600
v 0.226110 -0.030000 0.137996
v 0.226110 0.030000 0.137996
v 0.223322 -0.030000 0.137217
v 0.223322 0.030000 0.137217
v 0.220774 -0.030000 0.136262
v 0.220774 0.030000 0.136262
v 0.218466 -0.030000 0.135130
v 0.218466 0.030000 0.135130
v 0.216403 -0.030000 0.133819
v 0.216403 0.030000 0.133819
v 0.214585 -0.030000 0.132328
v 0.214585 0.030000 0.132328
v 0.213017 -0.030000 0.130656
v 0.213017 0.030000 0.130656
v 0.211699 -0.030000 0.128802
v 0.211699 0.030000 0.128802
v 0.210634 -0.030000 0.126764
v 0.210634 0.030000 0.126764
v 0.209732 -0.030000 0.124535
v 0.209732 0.030000 0.124535
v 0.208903 -0.030000 0.121937
v 0.208903 0.030000 0.121937
v 0.208147 -0.030000 0.118969
v 0.208147 0.030000 0.118969
v 0.207465 -0.030000 0.115633
v 0.207465 0.030000 0.115633
v 0.206860 -0.030000 0.111927
v 0.206860 0.030000 0.111927
v 0.206331 -0.030000 0.107853
v 0.206331 0.030000 0.107853
v 0.205880 -0.030000 0.103409
v 0.205880 0.030000 0.103409
v 0.205509 -0.030000 0.098596
v 0.205509 0.030000 0.098596
v 0.205218 -0.030000 0.093413
v 0.205218 0.030000 0.093413
v 0.205009 -0.030000 0.087862
v 0.205009 0.030000 0.087862
v 0.204882 -0.030000 0.081942
v 0.204882 0.030000 0.081942
v 0.204840 -0.030000 0.075652
v 0.204840 0.030000 0.075652
v 0.204840 -0.030000 -0.063713
v 0.204840 0.030000 -0.063713
v 0.292093 -0.030000 -0.063713
v 0.292093 0.030000 -0.063713
v 0.292093 -0.030000 -0.122662
v 0.292093 0.030000 -0.122662
v 0.204840 -0.030000 -0.122662
v 0.204840 0.030000 -0.122662
v 0.204840 -0.030000 -0.214664
v 0.204840 0.030000 -0.214664
v 0.136333 -0.030000 -0.214664
v 0.136333 0.030000 -0.214664
v 0.136333 -0.030000 -0.122662
v 0.136333 0.030000 -0.122662
v 0.087935 -0.030000 -0.122662
v 0.087935 0.030000 -0.122662
v 0.087935 -0.030000 -0.064054
v 0.087935 0.030000 -0.064054
v 0.136333 -0.030000 -0.064054
v 0.136333 0.030000 -0.064054
v 0.136333 -0.030000 -0.050850
v 0.136333 0.030000 -0.050850
v 0.136333 -0.030000 -0.036113
v 0.136333 0.030000 -0.036113
v 0.136333 -0.030000 -0.020353
v 0.136333 0.030000 -0.020353
v 0.136333 -0.030000 -0.004083
v 0.136333 0.030000 -0.004083
v 0.136333 -0.030000 0.012188
v 0.136333 0.030000 0.012188
v 0.136333 -0.030000 0.027947
v 0.136333 0.030000 0.027947
v 0.136333 -0.030000 0.042685
v 0.136333 0.030000 0.042685
v 0.136333 -0.030000 0.055889
v 0.136333 0.030000 0.055889
v 0.136333 -0.030000 0.067048
v 0.136333 0.030000 0.067048
v 0.136333 -0.030000 0.075652
v 0.136333 0.030000 0.075652
v 0.136333 -0.030000 0.081189
v 0.136333 0.030000 0.081189
v 0.136333 -0.030000 0.083148
v 0.136333 0.030000 0.083148
v 0.136475 -0.030000 0.094258
v 0.136475 0.030000 0.094258
v 0.136899 -0.030000 0.104757
v 0.136899 0.030000 0.104757
v 0.137605 -0.030000 0.114646
v 0.137605 0.030000 0.114646
v 0.138592 -0.030000 0.123924
v 0.138592 0.030000 0.123924
v 0.139858 -0.030000 0.132592
v 0.139858 0.030000 0.132592
v 0.141403 -0.030000 0.140649
v 0.141403 0.030000 0.140649
v 0.143224 -0.030000 0.148096
v 0.143224 0.030000 0.148096
v 0.145321 -0.030000 0.154932
v 0.145321 0.030000 0.154932
v 0.147692 -0.030000 0.161158
v 0.147692 0.030000 0.161158
v 0.150337 -0.030000 0.166773
v 0.150337 0.030000 0.166773
v 0.153254 -0.030000 0.171778
v 0.153254 0.030000 0.171778
v 0.156442 -0.030000 0.176172
v 0.156442 0.030000 0.176172
v 0.159999 -0.030000 0.180091
v 0.159999 0.030000 0.180091
v 0.164025 -0.030000 0.183669
v 0.164025 0.030000 0.183669
v 0.168520 -0.030000 0.186906
v 0.168520 0.030000 0.186906
v 0.173483 -0.030000 0.189802
v 0.173483 0.030000 0.189802
v 0.178915 -0.030000 0.192358
v 0.178915 0.030000 0.192358
v 0.184816 -0.030000 0.194573
v 0.184816 0.030000 0.194573
v 0.191185 -0.030000 0.196447
v 0.191185 0.030000 0.196447
v 0.198023 -0.030000 0.197980
v 0.198023 0.030000 0.197980
v 0.205330 -0.030000 0.199173
v 0.205330 0.030000 0.199173
v 0.213105 -0.030000 0.200024
v 0.213105 0.030000 0.200024
v 0.221349 -0.030000 0.200536
v 0.221349 0.030000 0.200536
v 0.230061 -0.030000 0.200706
v 0.230061 0.030000 0.200706
v 0.233945 -0.030000 0.200649
v 0.233945 0.030000 0.200649
v 0.238099 -0.030000 0.200479
v 0.238099 0.030000 0.200479
v 0.242523 -0.030000 0.200195
v 0.242523 0.030000 0.200195
v 0.247217 -0.030000 0.199797
v 0.247217 0.030000 0.199797
v 0.252180 -0.030000 0.199286
v 0.252180 0.030000 0.199286
v 0.257413 -0.030000 0.198662
v 0.257413 0.030000 0.198662
v 0.262916 -0.030000 0.197923
v 0.262916 0.030000 0.197923
v 0.268689 -0.030000 0.197071
v 0.268689 0.030000 0.197071
v 0.274732 -0.030000 0.196106
v 0.274732 0.030000 0.196106
v 0.281044 -0.030000 0.195027
v 0.281044 0.030000 0.195027
v 0.287626 -0.030000 0.193834
v 0.287626 0.030000 0.193834
v 0.294479 -0.030000 0.192528
v 0.294479 0.030000 0.192528
v -0.042504 -0.030000 -0.131451
v -0.042504 0.030000 -0.131451
v -0.039308 -0.030000 -0.123910
v -0.039308 0.030000 -0.123910
v -0.036421 -0.030000 -0.115714
v -0.036421 0.030000 -0.115714
v -0.033843 -0.030000 -0.106862
v -0.033843 0.030000 -0.106862
v -0.031573 -0.030000 -0.097352
v -0.031573 0.030000 -0.097352
v -0.029610 -0.030000 -0.087182
v -0.029610 0.030000 -0.087182
v -0.027952 -0.030000 -0.076353
v -0.027952 0.030000 -0.076353
v -0.026597 -0.030000 -0.064862
v -0.026597 0.030000 -0.064862
v -0.025546 -0.030000 -0.052708
v -0.025546 0.030000 -0.052708
v -0.024797 -0.030000 -0.039891
v -0.024797 0.030000 -0.039891
v -0.024348 -0.030000 -0.026409
v -0.024348 0.030000 -0.026409
v -0.024199 -0.030000 -0.012261
v -0.024199 0.030000 -0.012261
v -0.024348 -0.030000 0.001795
v -0.024348 0.030000 0.001795
v -0.024794 -0.030000 0.015166
v -0.024794 0.030000 0.015166
v -0.025536 -0.030000 0.027852
v -0.025536 0.030000 0.027852
v -0.026572 -0.030000 0.039848
v -0.026572 0.030000 0.039848
v -0.027902 -0.030000 0.051154
v -0.027902 0.030000 0.051154
v -0.029525 -0.030000 0.061767
v -0.029525 0.030000 0.061767
v -0.031438 -0.030000 0.071683
v -0.031438 0.030000 0.071683
v -0.033641 -0.030000 0.080902
v -0.033641 0.030000 0.080902
v -0.036133 -0.030000 0.089420
v -0.036133 0.030000 0.089420
v -0.038913 -0.030000 0.097236
v -0.038913 0.030000 0.097236
v -0.041979 -0.030000 0.104346
v -0.041979 0.030000 0.104346
v -0.045331 -0.030000 0.110749
v -0.045331 0.030000 0.110749
v -0.049179 -0.030000 0.116548
v -0.049179 0.030000 0.116548
v -0.053569 -0.030000 0.121850
v -0.053569 0.030000 0.121850
v -0.058501 -0.030000 0.126652
v -0.058501 0.030000 0.126652
v -0.063975 -0.030000 0.130954
v -0.063975 0.030000 0.130954
v -0.069995 -0.030000 0.134754
v -0.069995 0.030000 0.134754
v -0.076559 -0.030000 0.138051
v -0.076559 0.030000 0.138051
v -0.083671 -0.030000 0.140844
v -0.083671 0.030000 0.140844
v -0.091330 -0.030000 0.143132
v -0.091330 0.030000 0.143132
v -0.099539 -0.030000 0.144914
v -0.099539 0.030000 0.144914
v -0.108298 -0.030000 0.146188
v -0.108298 0.030000 0.146188
v -0.117608 -0.030000 0.146953
v -0.117608 0.030000 0.146953
v -0.127471 -0.030000 0.147209
v -0.127471 0.030000 0.147209
v -0.137341 -0.030000 0.146947
v -0.137341 0.030000 0.146947
v -0.146670 -0.030000 0.146161
v -0.146670 0.030000 0.146161
v -0.155456 -0.030000 0.144855
v -0.155456 0.030000 0.144855
v -0.163700 -0.030000 0.143031
v -0.163700 0.030000 0.143031
v -0.171399 -0.030000 0.140692
v -0.171399 0.030000 0.140692
v -0.178553 -0.030000 0.137838
v -0.178553 0.030000 0.137838
v -0.185160 -0.030000 0.134474
v -0.185160 0.030000 0.134474
v -0.191219 -0.030000 0.130601
v -0.191219 0.030000 0.130601
v -0.196729 -0.030000 0.126221
v -0.196729 0.030000 0.126221
v -0.201689 -0.030000 0.121337
v -0.201689 0.030000 0.121337
v -0.206097 -0.030000 0.115952
v -0.206097 0.030000 0.115952
v -0.209952 -0.030000 0.110067
v -0.209952 0.030000 0.110067
v -0.213382 -0.030000 0.103587
v -0.213382 0.030000 0.103587
v -0.216513 -0.030000 0.096412
v -0.216513 0.030000 0.096412
v -0.219346 -0.030000 0.088547
v -0.219346 0.030000 0.088547
v -0.221881 -0.030000 0.079993
v -0.221881 0.030000 0.079993
v -0.224118 -0.030000 0.070753
v -0.224118 0.030000 0.070753
v -0.226057 -0.030000 0.060830
v -0.226057 0.030000 0.060830
v -0.227697 -0.030000 0.050224
v -0.227697 0.030000 0.050224
v -0.229039 -0.030000 0.038940
v -0.229039 0.030000 0.038940
v -0.230083 -0.030000 0.026978
v -0.230083 0.030000 0.026978
v -0.230828 -0.030000 0.014343
v -0.230828 0.030000 0.014343
v -0.231276 -0.030000 0.001035
v -0.231276 0.030000 0.001035
v -0.231425 -0.030000 -0.012942
v -0.231425 0.030000 -0.012942
v -0.231269 -0.030000 -0.027005
v -0.231269 0.030000 -0.027005
v -0.230801 -0.030000 -0.040404
v -0.230801 0.030000 -0.040404
v -0.230024 -0.030000 -0.053140
v -0.230024 0.030000 -0.053140
v -0.228938 -0.030000 -0.065215
v -0.228938 0.030000 -0.065215
v -0.227544 -0.030000 -0.076633
v -0.227544 0.030000 -0.076633
v -0.225844 -0.030000 -0.087395
v -0.225844 0.030000 -0.087395
v -0.223838 -0.030000 -0.097504
v -0.223838 0.030000 -0.097504
v -0.221528 -0.030000 -0.106963
v -0.221528 0.030000 -0.106963
v -0.218915 -0.030000 -0.115773
v -0.218915 0.030000 -0.115773
v -0.216000 -0.030000 -0.123937
v -0.216000 0.030000 -0.123937
v -0.212785 -0.030000 -0.131458
v -0.212785 0.030000 -0.131458
v -0.209271 -0.030000 -0.138337
v -0.209271 0.030000 -0.138337
v -0.205266 -0.030000 -0.144620
v -0.205266 0.030000 -0.144620
v -0.200750 -0.030000 -0.150350
v -0.200750 0.030000 -0.150350
v -0.195723 -0.030000 -0.155529
v -0.195723 0.030000 -0.155529
v -0.190184 -0.030000 -0.160157
v -0.190184 0.030000 -0.160157
v -0.184134 -0.030000 -0.164237
v -0.184134 0.030000 -0.164237
v -0.177573 -0.030000 -0.167769
v -0.177573 0.030000 -0.167769
v -0.170501 -0.030000 -0.170754
v -0.170501 0.030000 -0.170754
v -0.162917 -0.030000 -0.173194
v -0.162917 0.030000 -0.173194
v -0.154823 -0.030000 -0.175090
v -0.154823 0.030000 -0.175090
v -0.146217 -0.030000 -0.176442
v -0.146217 0.030000 -0.176442
v -0.137100 -0.030000 -0.177253
v -0.137100 0.030000 -0.177253
v -0.127471 -0.030000 -0.177523
v -0.127471 0.030000 -0.177523
v -0.117843 -0.030000 -0.177253
v -0.117843 0.030000 -0.177253
v -0.108727 -0.030000 -0.176442
v -0.108727 0.030000 -0.176442
v -0.100125 -0.030000 -0.175090
v -0.100125 0.030000 -0.175090
v -0.092037 -0.030000 -0.173194
v -0.092037 0.030000 -0.173194
v -0.084466 -0.030000 -0.170754
v -0.084466 0.030000 -0.170754
v -0.077411 -0.030000 -0.167769
v -0.077411 0.030000 -0.167769
v -0.070875 -0.030000 -0.164237
v -0.070875 0.030000 -0.164237
v -0.064859 -0.030000 -0.160157
v -0.064859 0.030000 -0.160157
v -0.059363 -0.030000 -0.155529
v -0.059363 0.030000 -0.155529
v -0.054389 -0.030000 -0.150350
v -0.054389 0.030000 -0.150350
v -0.049939 -0.030000 -0.144620
v -0.049939 0.030000 -0.144620
v -0.046012 -0.030000 -0.138337
v -0.046012 0.030000 -0.138337
vn 0.0000 1.0000 0.0000
vn 0.0000 0.0000 1.0000
vn 0.0000 0.0000 -1.0000
vn 0.0000 -1.0000 0.0000
vn 0.0000 -1.0000 -0.0001
vn 0.0000 -1.0000 0.0001
vn 1.0000 0.0000 0.0000
vn 0.9238 0.0000 0.3827
vn 0.3826 0.0000 0.9239
vn -0.7071 0.0000 0.7071
vn -1.0000 0.0000 0.0000
vn -0.9238 0.0000 -0.3827
vn -0.3826 0.0000 -0.9239
vn 0.7071 0.0000 -0.7071
vn -0.6478 0.0000 -0.7618
vn -0.6020 0.0000 -0.7985
vn -0.6914 0.0000 -0.7224
vn -0.7324 0.0000 -0.6808
vn -0.7705 0.0000 -0.6374
vn -0.8053 0.0000 -0.5929
vn -0.8367 0.0000 -0.5477
vn -0.8647 0.0000 -0.5023
vn -0.8367 0.0000 -0.5476
vn -0.8892 0.0000 -0.4574
vn -0.9106 0.0000 -0.4133
vn -0.9289 0.0000 -0.3704
vn -0.9452 0.0000 -0.3264
vn -0.9584 0.0000 -0.2854
vn -0.9682 0.0000 -0.2502
vn -0.9761 0.0000 -0.2172
vn -0.9825 0.0000 -0.1863
vn -0.9875 0.0000 -0.1574
vn -0.9915 0.0000 -0.1304
vn -0.9944 0.0000 -0.1050
vn -0.9967 0.0000 -0.0813
vn -0.9982 0.0000 -0.0591
vn -0.9993 0.0000 -0.0382
vn -0.9998 0.0000 -0.0186
vn -1.0000 0.0000 0.0026
vn -0.9995 0.0000 0.0297
vn -0.9981 0.0000 0.0618
vn -0.9953 0.0000 0.0970
vn -0.9908 0.0000 0.1356
vn -0.9840 0.0000 0.1778
vn -0.9746 0.0000 0.2239
vn -0.9617 0.0000 0.2741
vn -0.9445 0.0000 0.3285
vn -0.9221 0.0000 0.3869
vn -0.8935 0.0000 0.4490
vn -0.8577 0.0000 0.5142
vn -0.8146 0.0000 0.5800
vn -0.7588 0.0000 0.6513
vn -0.6894 0.0000 0.7244
vn -0.6139 0.0000 0.7894
vn -0.5349 0.0000 0.8449
vn -0.4550 0.0000 0.8905
vn -0.3765 0.0000 0.9264
vn -0.3013 0.0000 0.9535
vn -0.2306 0.0000 0.9730
vn -0.1650 0.0000 0.9863
vn -0.1050 0.0000 0.9945
vn -0.0502 0.0000 0.9987
vn 0.0002 0.0000 1.0000
vn 0.0510 0.0000 0.9987
vn 0.1065 0.0000 0.9943
vn 0.1672 0.0000 0.9859
vn 0.2331 0.0000 0.9724
vn 0.3039 0.0000 0.9527
vn 0.3788 0.0000 0.9254
vn 0.4567 0.0000 0.8896
vn 0.5357 0.0000 0.8444
vn 0.6135 0.0000 0.7896
vn 0.6878 0.0000 0.7259
vn 0.7561 0.0000 0.6544
vn 0.8140 0.0000 0.5808
vn 0.8588 0.0000 0.5123
vn 0.8937 0.0000 0.4487
vn 0.9217 0.0000 0.3878
vn 0.9438 0.0000 0.3303
vn 0.9610 0.0000 0.2765
vn 0.9740 0.0000 0.2266
vn 0.9836 0.0000 0.1805
vn 0.9904 0.0000 0.1381
vn 0.9951 0.0000 0.0991
vn 0.9980 0.0000 0.0633
vn 0.9995 0.0000 0.0305
vn 1.0000 0.0000 0.0001
vn 0.9995 0.0000 -0.0299
vn 0.9980 0.0000 -0.0623
vn 0.9952 0.0000 -0.0978
vn 0.9906 0.0000 -0.1366
vn 0.9838 0.0000 -0.1791
vn 0.9742 0.0000 -0.2257
vn 0.9610 0.0000 -0.2766
vn 0.9434 0.0000 -0.3318
vn 0.9203 0.0000 -0.3913
vn 0.8905 0.0000 -0.4548
vn 0.8531 0.0000 -0.5217
vn 0.8048 0.0000 -0.5935
vn 0.7431 0.0000 -0.6691
vn 0.6716 0.0000 -0.7409
vn 0.5950 0.0000 -0.8037
vn 0.5161 0.0000 -0.8565
vn 0.4372 0.0000 -0.8993
vn 0.3607 0.0000 -0.9326
vn 0.2880 0.0000 -0.9576
vn 0.2200 0.0000 -0.9755
vn 0.1573 0.0000 -0.9875
vn 0.1000 0.0000 -0.9950
vn 0.0478 0.0000 -0.9988
vn 0.0082 0.0000 -0.9999
vn -0.0134 0.0000 -0.9999
vn -0.0279 0.0000 -0.9996
vn -0.0435 0.0000 -0.9990
vn -0.0606 0.0000 -0.9981
vn -0.0792 0.0000 -0.9968
vn -0.0997 0.0000 -0.9950
vn -0.1223 0.0000 -0.9925
vn -0.1473 0.0000 -0.9891
vn -0.1752 0.0000 -0.9845
vn -0.2063 0.0000 -0.9785
vn -0.1751 0.0000 -0.9845
vn -0.2412 0.0000 -0.9705
vn 0.3714 0.0000 -0.9284
vn 0.2897 0.0000 -0.9571
vn -0.9580 0.0000 -0.2867
vn -0.8508 0.0000 0.5255
vn -0.9800 0.0000 -0.1990
vn 0.0394 0.0000 0.9992
vn -0.6727 0.0000 0.7399
vn 0.0395 0.0000 0.9992
vn 0.0083 0.0000 0.9999
vn -0.0482 0.0000 0.9988
vn 0.0082 0.0000 0.9999
vn -0.1021 0.0000 0.9948
vn -0.1633 0.0000 0.9866
vn -0.2325 0.0000 0.9726
vn -0.3102 0.0000 0.9507
vn -0.3962 0.0000 0.9181
vn -0.4892 0.0000 0.8722
vn -0.5863 0.0000 0.8101
vn -0.6832 0.0000 0.7302
vn -0.7739 0.0000 0.6333
vn -0.8527 0.0000 0.5224
vn -0.9077 0.0000 0.4195
vn -0.9405 0.0000 0.3398
vn -0.9612 0.0000 0.2756
vn -0.9747 0.0000 0.2235
vn -0.9835 0.0000 0.1807
vn -0.9894 0.0000 0.1450
vn -0.9934 0.0000 0.1148
vn -0.9960 0.0000 0.0889
vn -0.9978 0.0000 0.0665
vn -0.9989 0.0000 0.0468
vn -0.9995 0.0000 0.0295
vn -0.9999 0.0000 0.0140
vn -1.0000 0.0000 0.0034
vn -0.7071 0.0000 -0.7071
vn 0.7071 0.0000 0.7071
vn 1.0000 0.0000 -0.0064
vn 0.9996 0.0000 -0.0266
vn 0.9984 0.0000 -0.0558
vn 0.9961 0.0000 -0.0885
vn 0.9921 0.0000 -0.1252
vn 0.9861 0.0000 -0.1664
vn 0.9771 0.0000 -0.2129
vn 0.9641 0.0000 -0.2655
vn 0.9458 0.0000 -0.3248
vn 0.8852 0.0000 -0.4653
vn 0.8377 0.0000 -0.5461
vn 0.7761 0.0000 -0.6306
vn 0.7033 0.0000 -0.7108
vn 0.6251 0.0000 -0.7805
vn 0.5448 0.0000 -0.8385
vn 0.4653 0.0000 -0.8851
vn 0.3889 0.0000 -0.9213
vn 0.3170 0.0000 -0.9484
vn 0.2506 0.0000 -0.9680
vn 0.3171 0.0000 -0.9484
vn 0.1900 0.0000 -0.9817
vn 0.1350 0.0000 -0.9908
vn 0.0854 0.0000 -0.9963
vn 0.0407 0.0000 -0.9991
vn 0.0024 0.0000 -1.0000
vn -0.0278 0.0000 -0.9996
vn -0.0525 0.0000 -0.9986
vn -0.0742 0.0000 -0.9972
vn -0.0934 0.0000 -0.9956
vn -0.1105 0.0000 -0.9939
vn -0.1257 0.0000 -0.9920
vn -0.1395 0.0000 -0.9902
vn -0.1519 0.0000 -0.9884
vn -0.1631 0.0000 -0.9866
vn -0.1734 0.0000 -0.9848
vn -0.1827 0.0000 -0.9832
vn -0.7879 0.0000 -0.6158
vn 0.9324 0.0000 -0.3614
vn 0.9064 0.0000 -0.4223
vn 0.9520 0.0000 -0.3060
vn 0.9667 0.0000 -0.2559
vn 0.9775 0.0000 -0.2109
vn 0.9854 0.0000 -0.1705
vn 0.9909 0.0000 -0.1342
vn 0.9948 0.0000 -0.1016
vn 0.9974 0.0000 -0.0723
vn 0.9989 0.0000 -0.0458
vn 0.9998 0.0000 -0.0219
vn 0.9998 0.0000 0.0219
vn 0.9989 0.0000 0.0458
vn 0.9974 0.0000 0.0722
vn 0.9948 0.0000 0.1014
vn 0.9910 0.0000 0.1340
vn 0.9854 0.0000 0.1703
vn 0.9775 0.0000 0.2110
vn 0.9665 0.0000 0.2567
vn 0.9514 0.0000 0.3081
vn 0.9307 0.0000 0.3657
vn 0.9027 0.0000 0.4301
vn 0.8607 0.0000 0.5090
vn 0.8028 0.0000 0.5962
vn 0.7350 0.0000 0.6781
vn 0.6587 0.0000 0.7524
vn 0.5766 0.0000 0.8170
vn 0.4919 0.0000 0.8706
vn 0.4076 0.0000 0.9131
vn 0.3262 0.0000 0.9453
vn 0.2493 0.0000 0.9684
vn 0.1781 0.0000 0.9840
vn 0.1130 0.0000 0.9936
vn 0.0539 0.0000 0.9985
vn -0.0003 0.0000 1.0000
vn -0.0552 0.0000 0.9984
vn -0.1155 0.0000 0.9933
vn -0.1816 0.0000 0.9834
vn -0.2536 0.0000 0.9673
vn -0.1816 0.0000 0.9833
vn -0.3309 0.0000 0.9436
vn -0.4125 0.0000 0.9109
vn -0.4968 0.0000 0.8679
vn -0.5812 0.0000 0.8137
vn -0.6629 0.0000 0.7487
vn -0.7388 0.0000 0.6739
vn -0.8063 0.0000 0.5915
vn -0.8611 0.0000 0.5084
vn -0.9008 0.0000 0.4342
vn -0.9291 0.0000 0.3696
vn -0.9502 0.0000 0.3116
vn -0.9656 0.0000 0.2598
vn -0.9769 0.0000 0.2135
vn -0.9850 0.0000 0.1723
vn -0.9908 0.0000 0.1355
vn -0.9947 0.0000 0.1025
vn -0.9973 0.0000 0.0729
vn -0.9989 0.0000 0.0462
vn -0.9997 0.0000 0.0221
vn -1.0000 0.0000 -0.0002
vn -0.9997 0.0000 -0.0229
vn -0.9988 0.0000 -0.0479
vn -0.9972 0.0000 -0.0753
vn -0.9944 0.0000 -0.1054
vn -0.9903 0.0000 -0.1386
vn -0.9845 0.0000 -0.1754
vn -0.9764 0.0000 -0.2159
vn -0.9654 0.0000 -0.2608
vn -0.9506 0.0000 -0.3104
vn -0.9311 0.0000 -0.3648
vn -0.9055 0.0000 -0.4243
vn -0.8679 0.0000 -0.4968
vn -0.8153 0.0000 -0.5790
vn -0.7525 0.0000 -0.6586
vn -0.6803 0.0000 -0.7329
vn -0.6010 0.0000 -0.7992
vn -0.5172 0.0000 -0.8559
vn -0.4319 0.0000 -0.9019
vn -0.3479 0.0000 -0.9375
vn -0.2673 0.0000 -0.9636
vn -0.1917 0.0000 -0.9814
vn -0.1220 0.0000 -0.9925
vn -0.0583 0.0000 -0.9983
vn 0.0583 0.0000 -0.9983
vn 0.1220 0.0000 -0.9925
vn 0.1919 0.0000 -0.9814
vn 0.2677 0.0000 -0.9635
vn 0.3486 0.0000 -0.9373
vn 0.4330 0.0000 -0.9014
vn 0.5190 0.0000 -0.8548
vn 0.6035 0.0000 -0.7973
vn 0.6836 0.0000 -0.7298
vn 0.7565 0.0000 -0.6539
vn 0.8199 0.0000 -0.5724
vn 0.8704 0.0000 -0.4924
s off
f 10//1 12//1 11//1
f 10//1 13//1 12//1
f 10//1 14//1 13//1
f 10//1 1//1 14//1
f 10//1 63//1 1//1
f 63//1 62//1 1//1
f 62//1 2//1 1//1
f 61//1 2//1 62//1
f 60//1 2//1 61//1
f 10//1 64//1 63//1
f 59//1 2//1 60//1
f 10//1 65//1 64//1
f 58//1 2//1 59//1
f 10//1 66//1 65//1
f 58//1 178//1 2//1
f 178//1 176//1 2//1
f 176//1 3//1 2//1
f 57//1 178//1 58//1
f 10//1 67//1 66//1
f 56//1 178//1 57//1
f 10//1 68//1 67//1
f 9//1 75//1 10//1
f 75//1 74//1 10//1
f 74//1 73//1 10//1
f 73//1 72//1 10//1
f 72//1 71//1 10//1
f 71//1 70//1 10//1
f 70//1 69//1 10//1
f 69//1 68//1 10//1
f 55//1 178//1 56//1
f 54//1 179//1 55//1
f 179//1 178//1 55//1
f 54//1 180//1 179//1
f 177//1 176//1 178//1
f 53//1 180//1 54//1
f 52//1 180//1 53//1
f 51//1 180//1 52//1
f 50//1 180//1 51//1
f 49//1 180//1 50//1
f 314//1 316//1 315//1
f 313//1 316//1 314//1
f 313//1 317//1 316//1
f 313//1 318//1 317//1
f 312//1 318//1 313//1
f 312//1 319//1 318//1
f 311//1 319//1 312//1
f 48//1 180//1 49//1
f 9//1 76//1 75//1
f 311//1 320//1 319//1
f 310//1 320//1 311//1
f 310//1 321//1 320//1
f 309//1 321//1 310//1
f 309//1 322//1 321//1
f 308//1 322//1 309//1
f 308//1 323//1 322//1
f 307//1 323//1 308//1
f 47//1 180//1 48//1
f 9//1 77//1 76//1
f 307//1 324//1 323//1
f 306//1 324//1 307//1
f 306//1 325//1 324//1
f 305//1 325//1 306//1
f 46//1 180//1 47//1
f 9//1 78//1 77//1
f 305//1 326//1 325//1
f 304//1 326//1 305//1
f 304//1 327//1 326//1
f 303//1 327//1 304//1
f 45//1 180//1 46//1
f 9//1 79//1 78//1
f 302//1 327//1 303//1
f 302//1 232//1 327//1
f 301//1 232//1 302//1
f 301//1 233//1 232//1
f 44//1 181//1 45//1
f 181//1 180//1 45//1
f 9//1 80//1 79//1
f 300//1 233//1 301//1
f 300//1 234//1 233//1
f 44//1 182//1 181//1
f 175//1 3//1 176//1
f 299//1 234//1 300//1
f 299//1 235//1 234//1
f 43//1 182//1 44//1
f 9//1 81//1 80//1
f 298//1 235//1 299//1
f 298//1 236//1 235//1
f 42//1 182//1 43//1
f 9//1 82//1 81//1
f 297//1 236//1 298//1
f 297//1 237//1 236//1
f 296//1 237//1 297//1
f 296//1 238//1 237//1
f 41//1 182//1 42//1
f 9//1 83//1 82//1
f 295//1 238//1 296//1
f 295//1 239//1 238//1
f 40//1 182//1 41//1
f 9//1 84//1 83//1
f 294//1 239//1 295//1
f 294//1 240//1 239//1
f 40//1 183//1 182//1
f 40//1 184//1 183//1
f 173//1 175//1 174//1
f 173//1 3//1 175//1
f 293//1 240//1 294//1
f 293//1 241//1 240//1
f 40//1 185//1 184//1
f 39//1 185//1 40//1
f 9//1 85//1 84//1
f 292//1 241//1 293//1
f 292//1 242//1 241//1
f 39//1 186//1 185//1
f 38//1 186//1 39//1
f 9//1 86//1 85//1
f 291//1 242//1 292//1
f 291//1 243//1 242//1
f 38//1 187//1 186//1
f 290//1 243//1 291//1
f 37//1 187//1 38//1
f 9//1 87//1 86//1
f 290//1 244//1 243//1
f 37//1 188//1 187//1
f 36//1 188//1 37//1
f 289//1 244//1 290//1
f 289//1 245//1 244//1
f 9//1 88//1 87//1
f 35//1 188//1 36//1
f 35//1 189//1 188//1
f 288//1 245//1 289//1
f 288//1 246//1 245//1
f 34//1 189//1 35//1
f 9//1 89//1 88//1
f 287//1 246//1 288//1
f 287//1 247//1 246//1
f 34//1 190//1 189//1
f 33//1 190//1 34//1
f 286//1 247//1 287//1
f 286//1 248//1 247//1
f 9//1 90//1 89//1
f 33//1 191//1 190//1
f 32//1 191//1 33//1
f 285//1 248//1 286//1
f 285//1 249//1 248//1
f 31//1 191//1 32//1
f 31//1 192//1 191//1
f 9//1 91//1 90//1
f 284//1 249//1 285//1
f 284//1 250//1 249//1
f 30//1 192//1 31//1
f 30//1 193//1 192//1
f 283//1 250//1 284//1
f 283//1 251//1 250//1
f 9//1 92//1 91//1
f 29//1 193//1 30//1
f 29//1 194//1 193//1
f 172//1 3//1 173//1
f 282//1 251//1 283//1
f 282//1 252//1 251//1
f 29//1 195//1 194//1
f 171//1 3//1 172//1
f 29//1 196//1 195//1
f 28//1 196//1 29//1
f 9//1 93//1 92//1
f 170//1 3//1 171//1
f 281//1 252//1 282//1
f 281//1 253//1 252//1
f 27//1 196//1 28//1
f 169//1 3//1 170//1
f 27//1 197//1 196//1
f 280//1 253//1 281//1
f 280//1 254//1 253//1
f 168//1 137//1 169//1
f 137//1 3//1 169//1
f 9//1 94//1 93//1
f 26//1 197//1 27//1
f 167//1 137//1 168//1
f 279//1 254//1 280//1
f 279//1 255//1 254//1
f 26//1 198//1 197//1
f 166//1 137//1 167//1
f 25//1 198//1 26//1
f 278//1 255//1 279//1
f 278//1 256//1 255//1
f 165//1 137//1 166//1
f 9//1 95//1 94//1
f 25//1 199//1 198//1
f 164//1 137//1 165//1
f 277//1 256//1 278//1
f 277//1 257//1 256//1
f 24//1 199//1 25//1
f 163//1 137//1 164//1
f 276//1 257//1 277//1
f 276//1 258//1 257//1
f 162//1 137//1 163//1
f 24//1 200//1 199//1
f 161//1 137//1 162//1
f 23//1 200//1 24//1
f 9//1 96//1 95//1
f 275//1 258//1 276//1
f 275//1 259//1 258//1
f 160//1 137//1 161//1
f 159//1 137//1 160//1
f 274//1 259//1 275//1
f 158//1 137//1 159//1
f 274//1 260//1 259//1
f 22//1 200//1 23//1
f 157//1 137//1 158//1
f 22//1 201//1 200//1
f 156//1 137//1 157//1
f 273//1 260//1 274//1
f 273//1 261//1 260//1
f 155//1 137//1 156//1
f 9//1 97//1 96//1
f 154//1 137//1 155//1
f 153//1 137//1 154//1
f 153//1 138//1 137//1
f 231//1 3//1 137//1
f 153//1 139//1 138//1
f 153//1 140//1 139//1
f 272//1 261//1 273//1
f 153//1 141//1 140//1
f 152//1 141//1 153//1
f 272//1 262//1 261//1
f 152//1 142//1 141//1
f 152//1 143//1 142//1
f 21//1 201//1 22//1
f 151//1 143//1 152//1
f 151//1 144//1 143//1
f 151//1 145//1 144//1
f 151//1 146//1 145//1
f 150//1 146//1 151//1
f 150//1 147//1 146//1
f 150//1 148//1 147//1
f 149//1 148//1 150//1
f 21//1 202//1 201//1
f 271//1 262//1 272//1
f 271//1 263//1 262//1
f 270//1 263//1 271//1
f 270//1 264//1 263//1
f 269//1 264//1 270//1
f 269//1 265//1 264//1
f 20//1 202//1 21//1
f 9//1 98//1 97//1
f 268//1 265//1 269//1
f 268//1 266//1 265//1
f 267//1 266//1 268//1
f 20//1 203//1 202//1
f 19//1 203//1 20//1
f 19//1 204//1 203//1
f 9//1 99//1 98//1
f 18//1 204//1 19//1
f 18//1 205//1 204//1
f 17//1 205//1 18//1
f 9//1 100//1 99//1
f 17//1 206//1 205//1
f 16//1 206//1 17//1
f 9//1 101//1 100//1
f 16//1 207//1 206//1
f 15//1 207//1 16//1
f 15//1 208//1 207//1
f 136//1 208//1 15//1
f 9//1 102//1 101//1
f 136//1 209//1 208//1
f 135//1 209//1 136//1
f 134//1 209//1 135//1
f 134//1 210//1 209//1
f 9//1 103//1 102//1
f 133//1 210//1 134//1
f 133//1 211//1 210//1
f 133//1 212//1 211//1
f 9//1 104//1 103//1
f 132//1 212//1 133//1
f 132//1 213//1 212//1
f 230//1 3//1 231//1
f 229//1 3//1 230//1
f 132//1 214//1 213//1
f 228//1 3//1 229//1
f 9//1 105//1 104//1
f 227//1 3//1 228//1
f 132//1 215//1 214//1
f 226//1 3//1 227//1
f 131//1 215//1 132//1
f 225//1 3//1 226//1
f 131//1 216//1 215//1
f 224//1 3//1 225//1
f 131//1 217//1 216//1
f 223//1 3//1 224//1
f 9//1 106//1 105//1
f 222//1 3//1 223//1
f 131//1 218//1 217//1
f 221//1 3//1 222//1
f 220//1 3//1 221//1
f 131//1 219//1 218//1
f 219//1 3//1 220//1
f 131//1 3//1 219//1
f 9//1 107//1 106//1
f 130//1 3//1 131//1
f 121//1 123//1 122//1
f 9//1 108//1 107//1
f 120//1 123//1 121//1
f 119//1 123//1 120//1
f 118//1 123//1 119//1
f 117//1 123//1 118//1
f 9//1 109//1 108//1
f 116//1 123//1 117//1
f 115//1 123//1 116//1
f 114//1 123//1 115//1
f 113//1 123//1 114//1
f 9//1 110//1 109//1
f 112//1 123//1 113//1
f 111//1 123//1 112//1
f 110//1 123//1 111//1
f 9//1 123//1 110//1
f 129//1 3//1 130//1
f 128//1 3//1 129//1
f 128//1 4//1 3//1
f 127//1 4//1 128//1
f 8//1 123//1 9//1
f 126//1 4//1 127//1
f 125//1 4//1 126//1
f 124//1 4//1 125//1
f 123//1 4//1 124//1
f 7//1 123//1 8//1
f 7//1 4//1 123//1
f 6//2 4//2 7//2
f 5//3 4//3 6//3
f 339//4 337//4 338//4
f 340//4 337//4 339//4
f 341//4 337//4 340//4
f 328//4 337//4 341//4
f 390//4 337//4 328//4
f 389//4 390//4 328//4
f 329//4 389//4 328//4
f 329//4 388//4 389//4
f 329//4 387//4 388//4
f 391//4 337//4 390//4
f 329//4 386//4 387//4
f 392//4 337//4 391//4
f 329//4 385//4 386//4
f 393//4 337//4 392//4
f 505//4 385//4 329//4
f 503//4 505//4 329//4
f 330//4 503//4 329//4
f 505//4 384//4 385//4
f 394//4 337//4 393//4
f 505//4 383//4 384//4
f 395//4 337//4 394//4
f 402//4 336//4 337//4
f 401//4 402//4 337//4
f 400//4 401//4 337//4
f 399//4 400//4 337//4
f 398//4 399//4 337//4
f 397//4 398//4 337//4
f 396//4 397//4 337//4
f 395//4 396//4 337//4
f 505//4 382//4 383//4
f 506//4 381//4 382//4
f 505//4 506//4 382//4
f 507//4 381//4 506//4
f 503//4 504//4 505//4
f 507//4 380//4 381//4
f 507//4 379//4 380//4
f 507//4 378//4 379//4
f 507//4 377//4 378//4
f 507//4 376//4 377//4
f 643//4 641//4 642//4
f 643//4 640//4 641//4
f 644//4 640//4 643//4
f 645//4 640//4 644//4
f 645//4 639//4 640//4
f 646//4 639//4 645//4
f 646//4 638//4 639//4
f 507//4 375//4 376//4
f 403//4 336//4 402//4
f 647//4 638//4 646//4
f 647//4 637//4 638//4
f 648//4 637//4 647//4
f 648//4 636//4 637//4
f 649//4 636//4 648//4
f 649//4 635//4 636//4
f 650//4 635//4 649//4
f 650//4 634//4 635//4
f 507//4 374//4 375//4
f 404//4 336//4 403//4
f 651//4 634//4 650//4
f 651//4 633//4 634//4
f 652//4 633//4 651//4
f 652//4 632//4 633//4
f 507//4 373//4 374//4
f 405//4 336//4 404//4
f 653//4 632//4 652//4
f 653//4 631//4 632//4
f 654//4 631//4 653//4
f 654//4 630//4 631//4
f 507//4 372//4 373//4
f 406//4 336//4 405//4
f 654//4 629//4 630//4
f 559//4 629//4 654//4
f 559//4 628//4 629//4
f 560//4 628//4 559//4
f 508//4 371//4 372//4
f 507//4 508//4 372//4
f 407//4 336//4 406//4
f 560//4 627//4 628//4
f 561//4 627//4 560//4
f 509//4 371//4 508//4
f 330//4 502//4 503//4
f 561//4 626//4 627//4
f 562//4 626//4 561//4
f 509//4 370//4 371//4
f 408//4 336//4 407//4
f 562//4 625//4 626//4
f 563//4 625//4 562//4
f 509//4 369//4 370//4
f 409//4 336//4 408//4
f 563//4 624//4 625//4
f 564//4 624//4 563//4
f 564//4 623//4 624//4
f 565//4 623//4 564//4
f 509//4 368//4 369//4
f 410//4 336//4 409//4
f 565//4 622//4 623//4
f 566//4 622//4 565//4
f 509//4 367//4 368//4
f 411//4 336//4 410//4
f 566//4 621//4 622//4
f 567//4 621//4 566//4
f 510//4 367//4 509//4
f 511//4 367//4 510//4
f 502//4 500//4 501//4
f 330//4 500//4 502//4
f 567//4 620//4 621//4
f 568//4 620//4 567//4
f 512//4 367//4 511//4
f 512//4 366//4 367//4
f 412//4 336//4 411//4
f 568//4 619//4 620//4
f 569//4 619//4 568//4
f 513//4 366//4 512//4
f 513//4 365//4 366//4
f 413//4 336//4 412//4
f 569//4 618//4 619//4
f 570//4 618//4 569//4
f 514//4 365//4 513//4
f 570//4 617//4 618//4
f 514//4 364//4 365//4
f 414//4 336//4 413//4
f 571//4 617//4 570//4
f 515//4 364//4 514//4
f 515//4 363//4 364//4
f 571//4 616//4 617//4
f 572//4 616//4 571//4
f 415//4 336//4 414//4
f 515//4 362//4 363//4
f 516//4 362//4 515//4
f 572//4 615//4 616//4
f 573//4 615//4 572//4
f 516//4 361//4 362//4
f 416//4 336//4 415//4
f 573//4 614//4 615//4
f 574//4 614//4 573//4
f 517//4 361//4 516//4
f 517//4 360//4 361//4
f 574//4 613//4 614//4
f 575//4 613//4 574//4
f 417//4 336//4 416//4
f 518//4 360//4 517//4
f 518//4 359//4 360//4
f 575//4 612//4 613//4
f 576//4 612//4 575//4
f 518//4 358//4 359//4
f 519//4 358//4 518//4
f 418//4 336//4 417//4
f 576//4 611//4 612//4
f 577//4 611//4 576//4
f 519//4 357//4 358//4
f 520//4 357//4 519//4
f 577//4 610//4 611//4
f 578//4 610//4 577//4
f 419//4 336//4 418//4
f 520//4 356//4 357//4
f 521//4 356//4 520//4
f 330//4 499//4 500//4
f 578//4 609//4 610//4
f 579//4 609//4 578//4
f 522//4 356//4 521//4
f 330//4 498//4 499//4
f 523//4 356//4 522//4
f 523//4 355//4 356//4
f 420//4 336//4 419//4
f 330//4 497//4 498//4
f 579//4 608//4 609//4
f 580//4 608//4 579//4
f 523//4 354//4 355//4
f 330//4 496//4 497//4
f 524//4 354//4 523//4
f 580//4 607//4 608//4
f 581//4 607//4 580//4
f 464//4 495//4 496//4
f 330//4 464//4 496//4
f 421//4 336//4 420//4
f 524//4 353//4 354//4
f 464//4 494//4 495//4
f 581//4 606//4 607//4
f 582//4 606//4 581//4
f 525//4 353//4 524//4
f 464//4 493//4 494//4
f 525//4 352//4 353//4
f 582//4 605//4 606//4
f 583//4 605//4 582//4
f 464//4 492//4 493//4
f 422//4 336//4 421//4
f 526//4 352//4 525//4
f 464//4 491//4 492//4
f 583//4 604//4 605//4
f 584//4 604//4 583//4
f 526//4 351//4 352//4
f 464//4 490//4 491//4
f 584//4 603//4 604//4
f 585//4 603//4 584//4
f 464//4 489//4 490//4
f 527//4 351//4 526//4
f 464//4 488//4 489//4
f 527//4 350//4 351//4
f 423//4 336//4 422//4
f 585//4 602//4 603//4
f 586//4 602//4 585//4
f 464//4 487//4 488//4
f 464//4 486//4 487//4
f 586//4 601//4 602//4
f 464//4 485//4 486//4
f 587//4 601//4 586//4
f 527//4 349//4 350//4
f 464//4 484//4 485//4
f 528//4 349//4 527//4
f 464//4 483//4 484//4
f 587//4 600//4 601//4
f 588//4 600//4 587//4
f 464//4 482//4 483//4
f 424//4 336//4 423//4
f 464//4 481//4 482//4
f 464//4 480//4 481//4
f 465//4 480//4 464//4
f 330//4 558//4 464//4
f 466//4 480//4 465//4
f 467//4 480//4 466//4
f 588//4 599//4 600//4
f 468//4 480//4 467//4
f 468//4 479//4 480//4
f 589//4 599//4 588//4
f 469//4 479//4 468//4
f 470//4 479//4 469//4
f 528//4 348//4 349//4
f 470//4 478//4 479//4
f 471//4 478//4 470//4
f 472//4 478//4 471//4
f 473//4 478//4 472//4
f 473//4 477//4 478//4
f 474//4 477//4 473//4
f 475//5 477//5 474//5
f 475//6 476//6 477//6
f 529//4 348//4 528//4
f 589//4 598//4 599//4
f 590//4 598//4 589//4
f 590//4 597//4 598//4
f 591//4 597//4 590//4
f 591//4 596//4 597//4
f 592//4 596//4 591//4
f 529//4 347//4 348//4
f 425//4 336//4 424//4
f 592//4 595//4 596//4
f 593//4 595//4 592//4
f 593//4 594//4 595//4
f 530//4 347//4 529//4
f 530//4 346//4 347//4
f 531//4 346//4 530//4
f 426//4 336//4 425//4
f 531//4 345//4 346//4
f 532//4 345//4 531//4
f 532//4 344//4 345//4
f 427//4 336//4 426//4
f 533//4 344//4 532//4
f 533//4 343//4 344//4
f 428//4 336//4 427//4
f 534//4 343//4 533//4
f 534//4 342//4 343//4
f 535//4 342//4 534//4
f 535//4 463//4 342//4
f 429//4 336//4 428//4
f 536//4 463//4 535//4
f 536//4 462//4 463//4
f 536//4 461//4 462//4
f 537//4 461//4 536//4
f 430//4 336//4 429//4
f 537//4 460//4 461//4
f 538//4 460//4 537//4
f 539//4 460//4 538//4
f 431//4 336//4 430//4
f 539//4 459//4 460//4
f 540//4 459//4 539//4
f 330//4 557//4 558//4
f 330//4 556//4 557//4
f 541//4 459//4 540//4
f 330//4 555//4 556//4
f 432//4 336//4 431//4
f 330//4 554//4 555//4
f 542//4 459//4 541//4
f 330//4 553//4 554//4
f 542//4 458//4 459//4
f 330//4 552//4 553//4
f 543//4 458//4 542//4
f 330//4 551//4 552//4
f 544//4 458//4 543//4
f 330//4 550//4 551//4
f 433//4 336//4 432//4
f 330//4 549//4 550//4
f 545//4 458//4 544//4
f 330//4 548//4 549//4
f 330//4 547//4 548//4
f 546//4 458//4 545//4
f 330//4 546//4 547//4
f 330//4 458//4 546//4
f 434//4 336//4 433//4
f 330//4 457//4 458//4
f 450//4 448//4 449//4
f 435//4 336//4 434//4
f 450//4 447//4 448//4
f 450//4 446//4 447//4
f 450//4 445//4 446//4
f 450//4 444//4 445//4
f 436//4 336//4 435//4
f 450//4 443//4 444//4
f 450//4 442//4 443//4
f 450//4 441//4 442//4
f 450//4 440//4 441//4
f 437//4 336//4 436//4
f 450//4 439//4 440//4
f 450//4 438//4 439//4
f 450//4 437//4 438//4
f 450//4 336//4 437//4
f 330//4 456//4 457//4
f 330//4 455//4 456//4
f 331//4 455//4 330//4
f 331//4 454//4 455//4
f 450//4 335//4 336//4
f 331//4 453//4 454//4
f 331//4 452//4 453//4
f 331//4 451//4 452//4
f 331//4 450//4 451//4
f 450//4 334//4 335//4
f 331//4 334//4 450//4
f 331//2 333//2 334//2
f 331//3 332//3 333//3
s 1
f 658//7 655//7 656//7
f 660//8 657//7 658//7
f 662//9 659//8 660//8
f 664//2 661//9 662//9
f 666//2 663//2 664//2
f 668//10 665//2 666//2
f 670//11 667//10 668//10
f 672//11 669//11 670//11
f 674//12 671//11 672//11
f 676//13 673//12 674//12
f 678//3 675//13 676//13
f 680//3 677//3 678//3
f 682//14 679//3 680//3
f 656//7 681//14 682//14
f 686//15 683//16 684//16
f 688//17 685//15 686//15
f 690//18 687//17 688//17
f 692//19 689//18 690//18
f 694//20 691//19 692//19
f 696//21 693//20 694//20
f 698//22 695//23 696//21
f 700//24 697//22 698//22
f 702//25 699//24 700//24
f 704//26 701//25 702//25
f 706//27 703//26 704//26
f 708//28 705//27 706//27
f 710//29 707//28 708//28
f 712//30 709//29 710//29
f 714//31 711//30 712//30
f 716//32 713//31 714//31
f 718//33 715//32 716//32
f 720//34 717//33 718//33
f 722//35 719//34 720//34
f 724//36 721//35 722//35
f 726//37 723//36 724//36
f 728//38 725//37 726//37
f 730//39 727//38 728//38
f 732//40 729//39 730//39
f 734//41 731//40 732//40
f 736//42 733//41 734//41
f 738//43 735//42 736//42
f 740//44 737//43 738//43
f 742//45 739//44 740//44
f 744//46 741//45 742//45
f 746//47 743//46 744//46
f 748//48 745//47 746//47
f 750//49 747//48 748//48
f 752//50 749//49 750//49
f 754//51 751//50 752//50
f 756//52 753//51 754//51
f 758//53 755//52 756//52
f 760//54 757//53 758//53
f 762//55 759//54 760//54
f 764//56 761//55 762//55
f 766//57 763//56 764//56
f 768//58 765//57 766//57
f 770//59 767//58 768//58
f 772//60 769//59 770//59
f 774//61 771//60 772//60
f 776//62 773//61 774//61
f 778//63 775//62 776//62
f 780//64 777//63 778//63
f 782//65 779//64 780//64
f 784//66 781//65 782//65
f 786//67 783//66 784//66
f 788//68 785//67 786//67
f 790//69 787//68 788//68
f 792//70 789//69 790//69
f 794//71 791//70 792//70
f 796//72 793//71 794//71
f 798//73 795//72 796//72
f 800//74 797//73 798//73
f 802//75 799//74 800//74
f 804//76 801//75 802//75
f 806//77 803//76 804//76
f 808//78 805//77 806//77
f 810//79 807//78 808//78
f 812//80 809//79 810//79
f 814//81 811//80 812//80
f 816//82 813//81 814//81
f 818//83 815//82 816//82
f 820//84 817//83 818//83
f 822//85 819//84 820//84
f 824//86 821//85 822//85
f 826//87 823//86 824//86
f 828//88 825//87 826//87
f 830//89 827//88 828//88
f 832//90 829//89 830//89
f 834//91 831//90 832//90
f 836//92 833//91 834//91
f 838//93 835//92 836//92
f 840//94 837//93 838//93
f 842//95 839//94 840//94
f 844//96 841//95 842//95
f 846//97 843//96 844//96
f 848//98 845//97 846//97
f 850//99 847//98 848//98
f 852//100 849//99 850//99
f 854//101 851//100 852//100
f 856//102 853//101 854//101
f 858//103 855//102 856//102
f 860//104 857//103 858//103
f 862//105 859//104 860//104
f 864//106 861//105 862//105
f 866//107 863//106 864//106
f 868//108 865//107 866//107
f 870//109 867//108 868//108
f 872//110 869//109 870//109
f 874//111 871//110 872//110
f 876//112 873//111 874//111
f 878//113 875//112 876//112
f 880//114 877//113 878//113
f 882//115 879//114 880//114
f 884//116 881//115 882//115
f 886//117 883//116 884//116
f 888//118 885//117 886//117
f 890//119 887//118 888//118
f 892//120 889//119 890//119
f 894//121 891//122 892//120
f 896//123 893//121 894//121
f 898//124 895//123 896//123
f 900//125 897//124 898//124
f 902//126 899//125 900//125
f 904//127 901//126 902//126
f 906//127 903//127 904//127
f 908//127 905//127 906//127
f 910//127 907//127 908//127
f 912//127 909//127 910//127
f 914//127 911//127 912//127
f 916//127 913//127 914//127
f 918//127 915//127 916//127
f 920//127 917//127 918//127
f 922//127 919//127 920//127
f 924//127 921//127 922//127
f 926//128 923//127 924//127
f 684//16 925//128 926//128
f 930//129 927//130 928//130
f 932//129 929//129 930//129
f 934//129 931//129 932//129
f 936//129 933//129 934//129
f 938//129 935//129 936//129
f 940//129 937//129 938//129
f 942//129 939//129 940//129
f 944//129 941//129 942//129
f 946//129 943//129 944//129
f 948//129 945//129 946//129
f 950//131 947//129 948//129
f 952//132 949//129 950//131
f 954//133 951//134 952//132
f 956//135 953//133 954//133
f 958//136 955//135 956//135
f 960//137 957//136 958//136
f 962//138 959//137 960//137
f 964//139 961//138 962//138
f 966//140 963//139 964//139
f 968//141 965//140 966//140
f 970//142 967//141 968//141
f 972//143 969//142 970//142
f 974//144 971//143 972//143
f 976//145 973//144 974//144
f 978//146 975//145 976//145
f 980//147 977//146 978//146
f 982//148 979//147 980//147
f 984//149 981//148 982//148
f 986//150 983//149 984//149
f 988//151 985//150 986//150
f 990//152 987//151 988//151
f 992//153 989//152 990//152
f 994//154 991//153 992//153
f 996//155 993//154 994//154
f 998//156 995//155 996//155
f 1000//157 997//156 998//156
f 1002//158 999//157 1000//157
f 1004//158 1001//158 1002//158
f 1006//10 1003//158 1004//158
f 1008//10 1005//10 1006//10
f 1010//10 1007//10 1008//10
f 1012//159 1009//10 1010//10
f 1014//159 1011//159 1012//159
f 1016//159 1013//159 1014//159
f 1018//14 1015//159 1016//159
f 1020//14 1017//14 1018//14
f 1022//7 1019//14 1020//14
f 1024//7 1021//7 1022//7
f 1026//7 1023//7 1024//7
f 1028//7 1025//7 1026//7
f 1030//7 1027//7 1028//7
f 1032//7 1029//7 1030//7
f 1034//7 1031//7 1032//7
f 1036//7 1033//7 1034//7
f 1038//7 1035//7 1036//7
f 1040//7 1037//7 1038//7
f 1042//7 1039//7 1040//7
f 1044//160 1041//7 1042//7
f 1046//161 1043//160 1044//160
f 1048//162 1045//161 1046//161
f 1050//163 1047//162 1048//162
f 1052//164 1049//163 1050//163
f 1054//165 1051//164 1052//164
f 1056//166 1053//165 1054//165
f 1058//167 1055//166 1056//166
f 1060//168 1057//167 1058//167
f 1062//96 1059//168 1060//168
f 1064//169 1061//96 1062//96
f 1066//170 1063//169 1064//169
f 1068//171 1065//170 1066//170
f 1070//172 1067//171 1068//171
f 1072//173 1069//172 1070//172
f 1074//174 1071//173 1072//173
f 1076//175 1073//174 1074//174
f 1078//176 1075//175 1076//175
f 1080//177 1077//176 1078//176
f 1082//178 1079//179 1080//177
f 1084//180 1081//178 1082//178
f 1086//181 1083//180 1084//180
f 1088//182 1085//181 1086//181
f 1090//183 1087//182 1088//182
f 1092//184 1089//183 1090//183
f 1094//185 1091//184 1092//184
f 1096//186 1093//185 1094//185
f 1098//187 1095//186 1096//186
f 1100//188 1097//187 1098//187
f 1102//189 1099//188 1100//188
f 1104//190 1101//189 1102//189
f 1106//191 1103//190 1104//190
f 1108//192 1105//191 1106//191
f 1110//193 1107//192 1108//192
f 1112//194 1109//193 1110//193
f 1114//195 1111//194 1112//194
f 1116//196 1113//195 1114//195
f 928//130 1115//196 1116//196
f 1120//197 1117//198 1118//198
f 1122//199 1119//197 1120//197
f 1124//200 1121//199 1122//199
f 1126//201 1123//200 1124//200
f 1128//202 1125//201 1126//201
f 1130//203 1127//202 1128//202
f 1132//204 1129//203 1130//203
f 1134//205 1131//204 1132//204
f 1136//206 1133//205 1134//205
f 1138//207 1135//206 1136//206
f 1140//7 1137//207 1138//207
f 1142//208 1139//7 1140//7
f 1144//209 1141//208 1142//208
f 1146//210 1143//209 1144//209
f 1148//211 1145//210 1146//210
f 1150//212 1147//211 1148//211
f 1152//213 1149//212 1150//212
f 1154//214 1151//213 1152//213
f 1156//215 1153//214 1154//214
f 1158//216 1155//215 1156//215
f 1160//217 1157//216 1158//216
f 1162//218 1159//217 1160//217
f 1164//219 1161//218 1162//218
f 1166//220 1163//219 1164//219
f 1168//221 1165//220 1166//220
f 1170//222 1167//221 1168//221
f 1172//223 1169//222 1170//222
f 1174//224 1171//223 1172//223
f 1176//225 1173//224 1174//224
f 1178//226 1175//225 1176//225
f 1180//227 1177//226 1178//226
f 1182//228 1179//227 1180//227
f 1184//229 1181//228 1182//228
f 1186//230 1183//229 1184//229
f 1188//231 1185//230 1186//230
f 1190//232 1187//231 1188//231
f 1192//233 1189//232 1190//232
f 1194//234 1191//233 1192//233
f 1196//235 1193//236 1194//234
f 1198//237 1195//235 1196//235
f 1200//238 1197//237 1198//237
f 1202//239 1199//238 1200//238
f 1204//240 1201//239 1202//239
f 1206//241 1203//240 1204//240
f 1208//242 1205//241 1206//241
f 1210//243 1207//242 1208//242
f 1212//244 1209//243 1210//243
f 1214//245 1211//244 1212//244
f 1216//246 1213//245 1214//245
f 1218//247 1215//246 1216//246
f 1220//248 1217//247 1218//247
f 1222//249 1219//248 1220//248
f 1224//250 1221//249 1222//249
f 1226//251 1223//250 1224//250
f 1228//252 1225//251 1226//251
f 1230//253 1227//252 1228//252
f 1232//254 1229//253 1230//253
f 1234//255 1231//254 1232//254
f 1236//256 1233//255 1234//255
f 1238//257 1235//256 1236//256
f 1240//258 1237//257 1238//257
f 1242//259 1239//258 1240//258
f 1244//260 1241//259 1242//259
f 1246//261 1243//260 1244//260
f 1248//262 1245//261 1246//261
f 1250//263 1247//262 1248//262
f 1252//264 1249//263 1250//263
f 1254//265 1251//264 1252//264
f 1256//266 1253//265 1254//265
f 1258//267 1255//266 1256//266
f 1260//268 1257//267 1258//267
f 1262//269 1259//268 1260//268
f 1264//270 1261//269 1262//269
f 1266//271 1263//270 1264//270
f 1268//272 1265//271 1266//271
f 1270//273 1267//272 1268//272
f 1272//274 1269//273 1270//273
f 1274//275 1271//274 1272//274
f 1276//276 1273//275 1274//275
f 1278//277 1275//276 1276//276
f 1280//278 1277//277 1278//277
f 1282//279 1279//278 1280//278
f 1284//3 1281//279 1282//279
f 1286//280 1283//3 1284//3
f 1288//281 1285//280 1286//280
f 1290//282 1287//281 1288//281
f 1292//283 1289//282 1290//282
f 1294//284 1291//283 1292//283
f 1296//285 1293//284 1294//284
f 1298//286 1295//285 1296//285
f 1300//287 1297//286 1298//286
f 1302//288 1299//287 1300//287
f 1304//289 1301//288 1302//288
f 1306//290 1303//289 1304//289
f 1308//291 1305//290 1306//290
f 1118//198 1307//291 1308//291
f 658//7 657//7 655//7
f 660//8 659//8 657//7
f 662//9 661//9 659//8
f 664//2 663//2 661//9
f 666//2 665//2 663//2
f 668//10 667//10 665//2
f 670//11 669//11 667//10
f 672//11 671//11 669//11
f 674//12 673//12 671//11
f 676//13 675//13 673//12
f 678//3 677//3 675//13
f 680//3 679//3 677//3
f 682//14 681//14 679//3
f 656//7 655//7 681//14
f 686//15 685//15 683//16
f 688//17 687//17 685//15
f 690//18 689//18 687//17
f 692//19 691//19 689//18
f 694//20 693//20 691//19
f 696//21 695//23 693//20
f 698//22 697//22 695//23
f 700//24 699//24 697//22
f 702//25 701//25 699//24
f 704//26 703//26 701//25
f 706//27 705//27 703//26
f 708//28 707//28 705//27
f 710//29 709//29 707//28
f 712//30 711//30 709//29
f 714//31 713//31 711//30
f 716//32 715//32 713//31
f 718//33 717//33 715//32
f 720//34 719//34 717//33
f 722//35 721//35 719//34
f 724//36 723//36 721//35
f 726//37 725//37 723//36
f 728//38 727//38 725//37
f 730//39 729//39 727//38
f 732//40 731//40 729//39
f 734//41 733//41 731//40
f 736//42 735//42 733//41
f 738//43 737//43 735//42
f 740//44 739//44 737//43
f 742//45 741//45 739//44
f 744//46 743//46 741//45
f 746//47 745//47 743//46
f 748//48 747//48 745//47
f 750//49 749//49 747//48
f 752//50 751//50 749//49
f 754//51 753//51 751//50
f 756//52 755//52 753//51
f 758//53 757//53 755//52
f 760//54 759//54 757//53
f 762//55 761//55 759//54
f 764//56 763//56 761//55
f 766//57 765//57 763//56
f 768//58 767//58 765//57
f 770//59 769//59 767//58
f 772//60 771//60 769//59
f 774//61 773//61 771//60
f 776//62 775//62 773//61
f 778//63 777//63 775//62
f 780//64 779//64 777//63
f 782//65 781//65 779//64
f 784//66 783//66 781//65
f 786//67 785//67 783//66
f 788//68 787//68 785//67
f 790//69 789//69 787//68
f 792//70 791//70 789//69
f 794//71 793//71 791//70
f 796//72 795//72 793//71
f 798//73 797//73 795//72
f 800//74 799//74 797//73
f 802//75 801//75 799//74
f 804//76 803//76 801//75
f 806//77 805//77 803//76
f 808//78 807//78 805//77
f 810//79 809//79 807//78
f 812//80 811//80 809//79
f 814//81 813//81 811//80
f 816//82 815//82 813//81
f 818//83 817//83 815//82
f 820//84 819//84 817//83
f 822//85 821//85 819//84
f 824//86 823//86 821//85
f 826//87 825//87 823//86
f 828//88 827//88 825//87
f 830//89 829//89 827//88
f 832//90 831//90 829//89
f 834//91 833//91 831//90
f 836//92 835//92 833//91
f 838//93 837//93 835//92
f 840//94 839//94 837//93
f 842//95 841//95 839//94
f 844//96 843//96 841//95
f 846//97 845//97 843//96
f 848//98 847//98 845//97
f 850//99 849//99 847//98
f 852//100 851//100 849//99
f 854//101 853//101 851//100
f 856//102 855//102 853//101
f 858//103 857//103 855//102
f 860//104 859//104 857//103
f 862//105 861//105 859//104
f 864//106 863//106 861//105
f 866//107 865//107 863//106
f 868//108 867//108 865//107
f 870//109 869//109 867//108
f 872//110 871//110 869//109
f 874//111 873//111 871//110
f 876//112 875//112 873//111
f 878//113 877//113 875//112
f 880//114 879//114 877//113
f 882//115 881//115 879//114
f 884//116 883//116 881//115
f 886//117 885//117 883//116
f 888//118 887//118 885//117
f 890//119 889//119 887//118
f 892//120 891//122 889//119
f 894//121 893//121 891//122
f 896//123 895//123 893//121
f 898//124 897//124 895//123
f 900//125 899//125 897//124
f 902//126 901//126 899//125
f 904//127 903//127 901//126
f 906//127 905//127 903//127
f 908//127 907//127 905//127
f 910//127 909//127 907//127
f 912//127 911//127 909//127
f 914//127 913//127 911//127
f 916//127 915//127 913//127
f 918//127 917//127 915//127
f 920//127 919//127 917//127
f 922//127 921//127 919//127
f 924//127 923//127 921//127
f 926//128 925//128 923//127
f 684//16 683//16 925//128
f 930//129 929//129 927//130
f 932//129 931//129 929//129
f 934//129 933//129 931//129
f 936//129 935//129 933//129
f 938//129 937//129 935//129
f 940//129 939//129 937//129
f 942//129 941//129 939//129
f 944//129 943//129 941//129
f 946//129 945//129 943//129
f 948//129 947//129 945//129
f 950//131 949//129 947//129
f 952//132 951//134 949//129
f 954//133 953//133 951//134
f 956//135 955//135 953//133
f 958//136 957//136 955//135
f 960//137 959//137 957//136
f 962//138 961//138 959//137
f 964//139 963//139 961//138
f 966//140 965//140 963//139
f 968//141 967//141 965//140
f 970//142 969//142 967//141
f 972//143 971//143 969//142
f 974//144 973//144 971//143
f 976//145 975//145 973//144
f 978//146 977//146 975//145
f 980//147 979//147 977//146
f 982//148 981//148 979//147
f 984//149 983//149 981//148
f 986//150 985//150 983//149
f 988//151 987//151 985//150
f 990//152 989//152 987//151
f 992//153 991//153 989//152
f 994//154 993//154 991//153
f 996//155 995//155 993//154
f 998//156 997//156 995//155
f 1000//157 999//157 997//156
f 1002//158 1001//158 999//157
f 1004//158 1003//158 1001//158
f 1006//10 1005//10 1003//158
f 1008//10 1007//10 1005//10
f 1010//10 1009//10 1007//10
f 1012//159 1011//159 1009//10
f 1014//159 1013//159 1011//159
f 1016//159 1015//159 1013//159
f 1018//14 1017//14 1015//159
f 1020//14 1019//14 1017//14
f 1022//7 1021//7 1019//14
f 1024//7 1023//7 1021//7
f 1026//7 1025//7 1023//7
f 1028//7 1027//7 1025//7
f 1030//7 1029//7 1027//7
f 1032//7 1031//7 1029//7
f 1034//7 1033//7 1031//7
f 1036//7 1035//7 1033//7
f 1038//7 1037//7 1035//7
f 1040//7 1039//7 1037//7
f 1042//7 1041//7 1039//7
f 1044//160 1043//160 1041//7
f 1046//161 1045//161 1043//160
f 1048//162 1047//162 1045//161
f 1050//163 1049//163 1047//162
f 1052//164 1051//164 1049//163
f 1054//165 1053//165 1051//164
f 1056//166 1055//166 1053//165
f 1058//167 1057//167 1055//166
f 1060//168 1059//168 1057//167
f 1062//96 1061//96 1059//168
f 1064//169 1063//169 1061//96
f 1066//170 1065//170 1063//169
f 1068//171 1067//171 1065//170
f 1070//172 1069//172 1067//171
f 1072//173 1071//173 1069//172
f 1074//174 1073//174 1071//173
f 1076//175 1075//175 1073//174
f 1078//176 1077//176 1075//175
f 1080//177 1079//179 1077//176
f 1082//178 1081//178 1079//179
f 1084//180 1083//180 1081//178
f 1086//181 1085//181 1083//180
f 1088//182 1087//182 1085//181
f 1090//183 1089//183 1087//182
f 1092//184 1091//184 1089//183
f 1094//185 1093//185 1091//184
f 1096//186 1095//186 1093//185
f 1098//187 1097//187 1095//186
f 1100//188 1099//188 1097//187
f 1102//189 1101//189 1099//188
f 1104//190 1103//190 1101//189
f 1106//191 1105//191 1103//190
f 1108//192 1107//192 1105//191
f 1110//193 1109//193 1107//192
f 1112//194 1111//194 1109//193
f 1114//195 1113//195 1111//194
f 1116//196 1115//196 1113//195
f 928//130 927//130 1115//196
f 1120//197 1119//197 1117//198
f 1122//199 1121//199 1119//197
f 1124//200 1123//200 1121//199
f 1126//201 1125//201 1123//200
f 1128//202 1127//202 1125//201
f 1130//203 1129//203 1127//202
f 1132//204 1131//204 1129//203
f 1134//205 1133//205 1131//204
f 1136//206 1135//206 1133//205
f 1138//207 1137//207 1135//206
f 1140//7 1139//7 1137//207
f 1142//208 1141//208 1139//7
f 1144//209 1143//209 1141//208
f 1146//210 1145//210 1143//209
f 1148//211 1147//211 1145//210
f 1150//212 1149//212 1147//211
f 1152//213 1151//213 1149//212
f 1154//214 1153//214 1151//213
f 1156//215 1155//215 1153//214
f 1158//216 1157//216 1155//215
f 1160//217 1159//217 1157//216
f 1162//218 1161//218 1159//217
f 1164//219 1163//219 1161//218
f 1166//220 1165//220 1163//219
f 1168//221 1167//221 1165//220
f 1170//222 1169//222 1167//221
f 1172//223 1171//223 1169//222
f 1174//224 1173//224 1171//223
f 1176//225 1175//225 1173//224
f 1178//226 1177//226 1175//225
f 1180//227 1179//227 1177//226
f 1182//228 1181//228 1179//227
f 1184//229 1183//229 1181//228
f 1186//230 1185//230 1183//229
f 1188//231 1187//231 1185//230
f 1190//232 1189//232 1187//231
f 1192//233 1191//233 1189//232
f 1194//234 1193//236 1191//233
f 1196//235 1195//235 1193//236
f 1198//237 1197//237 1195//235
f 1200//238 1199//238 1197//237
f 1202//239 1201//239 1199//238
f 1204//240 1203//240 1201//239
f 1206//241 1205//241 1203//240
f 1208//242 1207//242 1205//241
f 1210//243 1209//243 1207//242
f 1212//244 1211//244 1209//243
f 1214//245 1213//245 1211//244
f 1216//246 1215//246 1213//245
f 1218//247 1217//247 1215//246
f 1220//248 1219//248 1217//247
f 1222//249 1221//249 1219//248
f 1224//250 1223//250 1221//249
f 1226//251 1225//251 1223//250
f 1228//252 1227//252 1225//251
f 1230//253 1229//253 1227//252
f 1232//254 1231//254 1229//253
f 1234//255 1233//255 1231//254
f 1236//256 1235//256 1233//255
f 1238//257 1237//257 1235//256
f 1240//258 1239//258 1237//257
f 1242//259 1241//259 1239//258
f 1244//260 1243//260 1241//259
f 1246//261 1245//261 1243//260
f 1248//262 1247//262 1245//261
f 1250//263 1249//263 1247//262
f 1252//264 1251//264 1249//263
f 1254//265 1253//265 1251//264
f 1256//266 1255//266 1253//265
f 1258//267 1257//267 1255//266
f 1260//268 1259//268 1257//267
f 1262//269 1261//269 1259//268
f 1264//270 1263//270 1261//269
f 1266//271 1265//271 1263//270
f 1268//272 1267//272 1265//271
f 1270//273 1269//273 1267//272
f 1272//274 1271//274 1269//273
f 1274//275 1273//275 1271//274
f 1276//276 1275//276 1273//275
f 1278//277 1277//277 1275//276
f 1280//278 1279//278 1277//277
f 1282//279 1281//279 1279//278
f 1284//3 1283//3 1281//279
f 1286//280 1285//280 1283//3
f 1288//281 1287//281 1285//280
f 1290//282 1289//282 1287//281
f 1292//283 1291//283 1289//282
f 1294//284 1293//284 1291//283
f 1296//285 1295//285 1293//284
f 1298//286 1297//286 1295//285
f 1300//287 1299//287 1297//286
f 1302//288 1301//288 1299//287
f 1304//289 1303//289 1301//288
f 1306//290 1305//290 1303//289
f 1308//291 1307//291 1305//290
f 1118//198 1117//198 1307//291
